  -1.5000000e-02   1.9000000e+01
  -1.4790000e-02   2.6000000e+01
  -1.4580000e-02   3.1000000e+01
  -1.4370000e-02   2.5000000e+01
  -1.4160000e-02   2.8000000e+01
  -1.3950000e-02   2.2000000e+01
  -1.3740000e-02   2.0000000e+01
  -1.3530000e-02   2.0000000e+01
  -1.3320000e-02   2.1000000e+01
  -1.3110000e-02   2.4000000e+01
  -1.2900000e-02   2.9000000e+01
  -1.2690000e-02   3.2000000e+01
  -1.2480000e-02   2.8000000e+01
  -1.2270000e-02   3.0000000e+01
  -1.2060000e-02   2.7000000e+01
  -1.1850000e-02   2.7000000e+01
  -1.1640000e-02   2.8000000e+01
  -1.1430000e-02   3.0000000e+01
  -1.1220000e-02   2.8000000e+01
  -1.1010000e-02   2.1000000e+01
  -1.0800000e-02   2.1000000e+01
  -1.0590000e-02   1.9000000e+01
  -1.0380000e-02   3.0000000e+01
  -1.0170000e-02   3.2000000e+01
  -9.9600000e-03   2.2000000e+01
  -9.7500000e-03   1.9000000e+01
  -9.5400000e-03   3.2000000e+01
  -9.3300000e-03   2.1000000e+01
  -9.1200000e-03   2.9000000e+01
  -8.9100000e-03   1.5000000e+01
  -8.7000000e-03   2.7000000e+01
  -8.4900000e-03   2.2000000e+01
  -8.2800000e-03   3.3000000e+01
  -8.0700000e-03   3.3000000e+01
  -7.8600000e-03   2.9000000e+01
  -7.6500000e-03   2.2000000e+01
  -7.4400000e-03   2.1000000e+01
  -7.2300000e-03   2.9000000e+01
  -7.0200000e-03   2.8000000e+01
  -6.8100000e-03   3.1000000e+01
  -6.6000000e-03   2.4000000e+01
  -6.3900000e-03   2.7000000e+01
  -6.1800000e-03   2.9000000e+01
  -5.9700000e-03   2.4000000e+01
  -5.7600000e-03   2.3000000e+01
  -5.5500000e-03   2.2000000e+01
  -5.3400000e-03   3.1000000e+01
  -5.1300000e-03   1.8000000e+01
  -4.9200000e-03   3.0000000e+01
  -4.7100000e-03   2.8000000e+01
  -4.5000000e-03   3.4000000e+01
  -4.2900000e-03   2.4000000e+01
  -4.0800000e-03   2.0000000e+01
  -3.8700000e-03   2.1000000e+01
  -3.6600000e-03   2.1000000e+01
  -3.4500000e-03   2.3000000e+01
  -3.2400000e-03   1.8000000e+01
  -3.0300000e-03   3.0000000e+01
  -2.8200000e-03   2.4000000e+01
  -2.6100000e-03   2.0000000e+01
  -2.4000000e-03   2.6000000e+01
  -2.1900000e-03   2.5000000e+01
  -1.7700000e-03   1.7200000e+02
  -1.5600000e-03   2.1700000e+02
  -1.3500000e-03   2.6200000e+02
  -1.1400000e-03   2.8700000e+02
  -9.3000000e-04   2.7800000e+02
  -7.2000000e-04   2.7900000e+02
  -5.1000000e-04   2.7700000e+02
  -3.0000000e-04   2.6800000e+02
  -9.0000000e-05   2.7100000e+02
   1.2000000e-04   2.8900000e+02
   3.3000000e-04   2.5800000e+02
   5.4000000e-04   2.5800000e+02
   7.5000000e-04   2.7000000e+02
   9.6000000e-04   2.5300000e+02
   1.1700000e-03   2.3200000e+02
   1.3800000e-03   2.5600000e+02
   1.5900000e-03   2.1200000e+02
   1.8000000e-03   2.3300000e+02
   2.0100000e-03   2.2100000e+02
   2.2200000e-03   2.1500000e+02
   2.4300000e-03   2.0000000e+02
   2.6400000e-03   2.2000000e+02
   2.8500000e-03   1.7800000e+02
   3.0600000e-03   1.8800000e+02
   3.2700000e-03   1.7600000e+02
   3.4800000e-03   1.8800000e+02
   3.6900000e-03   2.1100000e+02
   3.9000000e-03   2.0100000e+02
   4.1100000e-03   1.7100000e+02
   4.3200000e-03   1.8100000e+02
   4.5300000e-03   1.8200000e+02
   4.7400000e-03   1.5900000e+02
   4.9500000e-03   1.4000000e+02
   5.1600000e-03   1.4600000e+02
   5.3700000e-03   1.6800000e+02
   5.5800000e-03   1.6100000e+02
   5.7900000e-03   1.4700000e+02
   6.0000000e-03   1.7400000e+02
   6.2100000e-03   1.5400000e+02
   6.4200000e-03   1.7300000e+02
   6.6300000e-03   1.4400000e+02
   6.8400000e-03   1.0900000e+02
   7.0500000e-03   1.5500000e+02
   7.2600000e-03   1.2100000e+02
   7.4700000e-03   1.2700000e+02
   7.6800000e-03   1.4400000e+02
   7.8900000e-03   1.4400000e+02
   8.1000000e-03   1.3300000e+02
   8.3100000e-03   1.4500000e+02
   8.5200000e-03   1.4000000e+02
   8.7300000e-03   1.2000000e+02
   8.9400000e-03   1.5500000e+02
   9.1500000e-03   1.1900000e+02
   9.3600000e-03   1.3200000e+02
   9.5700000e-03   1.3800000e+02
   9.7800000e-03   1.2300000e+02
   9.9900000e-03   1.3200000e+02
   1.0200000e-02   1.0500000e+02
   1.0410000e-02   1.1100000e+02
   1.0620000e-02   1.3700000e+02
   1.0830000e-02   1.2300000e+02
   1.1040000e-02   1.2500000e+02
   1.1250000e-02   1.2300000e+02
   1.1460000e-02   9.6000000e+01
   1.1670000e-02   9.1000000e+01
   1.1880000e-02   1.2800000e+02
   1.2090000e-02   1.0100000e+02
   1.2300000e-02   9.9000000e+01
   1.2510000e-02   1.1000000e+02
   1.2720000e-02   1.2600000e+02
   1.2930000e-02   1.0200000e+02
   1.3140000e-02   8.9000000e+01
   1.3350000e-02   1.2600000e+02
   1.3560000e-02   1.0900000e+02
   1.3770000e-02   9.2000000e+01
   1.3980000e-02   1.3700000e+02
   1.4190000e-02   1.0400000e+02
   1.4400000e-02   8.9000000e+01
   1.4610000e-02   8.7000000e+01
   1.4820000e-02   9.9000000e+01
   1.5030000e-02   1.0000000e+02
   1.5240000e-02   9.7000000e+01
   1.5450000e-02   8.6000000e+01
   1.5660000e-02   9.5000000e+01
   1.5870000e-02   9.9000000e+01
   1.6080000e-02   1.0200000e+02
   1.6290000e-02   1.1100000e+02
   1.6500000e-02   9.2000000e+01
   1.6710000e-02   8.6000000e+01
   1.6920000e-02   8.1000000e+01
   1.7130000e-02   9.8000000e+01
   1.7340000e-02   1.0100000e+02
   1.7550000e-02   1.0400000e+02
   1.7760000e-02   1.0800000e+02
   1.7970000e-02   9.9000000e+01
   1.8180000e-02   8.8000000e+01
   1.8390000e-02   7.9000000e+01
   1.8600000e-02   8.9000000e+01
   1.8810000e-02   9.3000000e+01
   1.9020000e-02   8.5000000e+01
   1.9230000e-02   8.2000000e+01
   1.9440000e-02   8.6000000e+01
   1.9650000e-02   7.7000000e+01
   1.9860000e-02   1.1100000e+02
   2.0070000e-02   1.1300000e+02
   2.0280000e-02   8.5000000e+01
   2.0490000e-02   9.4000000e+01
   2.0700000e-02   8.7000000e+01
   2.0910000e-02   8.2000000e+01
   2.1120000e-02   7.7000000e+01
   2.1330000e-02   8.0000000e+01
   2.1540000e-02   8.6000000e+01
   2.1750000e-02   7.8000000e+01
   2.1960000e-02   9.7000000e+01
   2.2170000e-02   6.7000000e+01
   2.2380000e-02   7.4000000e+01
   2.2590000e-02   7.1000000e+01
   2.2800000e-02   7.5000000e+01
   2.3010000e-02   7.8000000e+01
   2.3220000e-02   8.8000000e+01
   2.3430000e-02   7.8000000e+01
   2.3640000e-02   6.5000000e+01
   2.3850000e-02   6.6000000e+01
   2.4060000e-02   8.4000000e+01
   2.4270000e-02   6.5000000e+01
   2.4480000e-02   6.8000000e+01
   2.4690000e-02   7.7000000e+01
   2.4900000e-02   6.9000000e+01
   2.5110000e-02   8.0000000e+01
   2.5320000e-02   8.9000000e+01
   2.5530000e-02   7.3000000e+01
   2.5740000e-02   7.0000000e+01
   2.5950000e-02   8.7000000e+01
   2.6160000e-02   7.3000000e+01
   2.6370000e-02   5.9000000e+01
   2.6580000e-02   7.5000000e+01
   2.6790000e-02   8.6000000e+01
   2.7000000e-02   6.0000000e+01
   2.7210000e-02   6.5000000e+01
   2.7420000e-02   5.5000000e+01
   2.7630000e-02   6.5000000e+01
   2.7840000e-02   6.5000000e+01
   2.8050000e-02   6.3000000e+01
   2.8260000e-02   7.1000000e+01
   2.8470000e-02   5.6000000e+01
   2.8680000e-02   5.8000000e+01
   2.8890000e-02   8.3000000e+01
   2.9100000e-02   7.8000000e+01
   2.9310000e-02   6.4000000e+01
   2.9520000e-02   6.5000000e+01
   2.9730000e-02   6.4000000e+01
   2.9940000e-02   7.0000000e+01
   3.0150000e-02   7.0000000e+01
   3.0360000e-02   6.3000000e+01
   3.0570000e-02   6.4000000e+01
   3.0780000e-02   4.1000000e+01
   3.0990000e-02   6.5000000e+01
   3.1200000e-02   5.4000000e+01
   3.1410000e-02   7.1000000e+01
   3.1620000e-02   6.4000000e+01
   3.1830000e-02   6.0000000e+01
   3.2040000e-02   7.2000000e+01
   3.2250000e-02   5.9000000e+01
   3.2460000e-02   5.9000000e+01
   3.2670000e-02   6.7000000e+01
   3.2880000e-02   5.8000000e+01
   3.3090000e-02   6.3000000e+01
   3.3300000e-02   7.4000000e+01
   3.3510000e-02   5.7000000e+01
   3.3720000e-02   4.9000000e+01
   3.3930000e-02   5.3000000e+01
   3.4140000e-02   6.4000000e+01
   3.4350000e-02   5.9000000e+01
   3.4560000e-02   6.5000000e+01
   3.4770000e-02   5.3000000e+01
   3.4980000e-02   6.2000000e+01
   3.5190000e-02   6.6000000e+01
   3.5400000e-02   6.5000000e+01
   3.5610000e-02   3.9000000e+01
   3.5820000e-02   4.8000000e+01
   3.6030000e-02   5.5000000e+01
   3.6240000e-02   4.2000000e+01
   3.6450000e-02   4.9000000e+01
   3.6660000e-02   5.7000000e+01
   3.6870000e-02   5.9000000e+01
   3.7080000e-02   4.5000000e+01
   3.7290000e-02   5.6000000e+01
   3.7500000e-02   4.6000000e+01
   3.7710000e-02   5.4000000e+01
   3.7920000e-02   5.1000000e+01
   3.8130000e-02   7.4000000e+01
   3.8340000e-02   5.1000000e+01
   3.8550000e-02   5.4000000e+01
   3.8760000e-02   5.0000000e+01
   3.8970000e-02   4.4000000e+01
   3.9180000e-02   4.5000000e+01
   3.9390000e-02   4.9000000e+01
   3.9600000e-02   3.9000000e+01
   3.9810000e-02   5.2000000e+01
   4.0020000e-02   6.0000000e+01
   4.0230000e-02   5.2000000e+01
   4.0440000e-02   5.0000000e+01
   4.0650000e-02   5.6000000e+01
   4.0860000e-02   5.9000000e+01
   4.1070000e-02   4.8000000e+01
   4.1280000e-02   5.2000000e+01
   4.1490000e-02   4.9000000e+01
   4.1700000e-02   4.2000000e+01
   4.1910000e-02   5.2000000e+01
   4.2120000e-02   5.7000000e+01
   4.2330000e-02   4.6000000e+01
   4.2540000e-02   4.9000000e+01
   4.2750000e-02   5.7000000e+01
   4.2960000e-02   7.6000000e+01
   4.3170000e-02   4.6000000e+01
   4.3380000e-02   4.8000000e+01
   4.3590000e-02   4.3000000e+01
   4.3800000e-02   4.6000000e+01
   4.4010000e-02   4.2000000e+01
   4.4220000e-02   5.2000000e+01
   4.4430000e-02   3.8000000e+01
   4.4640000e-02   6.7000000e+01
   4.4850000e-02   3.4000000e+01
   4.5060000e-02   4.7000000e+01
   4.5270000e-02   4.4000000e+01
   4.5480000e-02   4.9000000e+01
   4.5690000e-02   5.6000000e+01
   4.5900000e-02   4.4000000e+01
   4.6110000e-02   4.6000000e+01
   4.6320000e-02   4.0000000e+01
   4.6530000e-02   5.2000000e+01
   4.6740000e-02   5.2000000e+01
   4.6950000e-02   4.7000000e+01
   4.7160000e-02   4.7000000e+01
   4.7370000e-02   5.4000000e+01
   4.7580000e-02   5.1000000e+01
   4.7790000e-02   4.8000000e+01
   4.8000000e-02   3.9000000e+01
   4.8210000e-02   5.0000000e+01
   4.8420000e-02   4.5000000e+01
   4.8630000e-02   4.5000000e+01
   4.8840000e-02   3.6000000e+01
   4.9050000e-02   3.5000000e+01
   4.9260000e-02   4.4000000e+01
   4.9470000e-02   3.7000000e+01
   4.9680000e-02   5.0000000e+01
   4.9890000e-02   4.5000000e+01
   5.0100000e-02   4.0000000e+01
   5.0310000e-02   4.8000000e+01
   5.0520000e-02   3.5000000e+01
   5.0730000e-02   4.2000000e+01
   5.0940000e-02   3.4000000e+01
   5.1150000e-02   4.1000000e+01
   5.1360000e-02   5.3000000e+01
   5.1570000e-02   4.0000000e+01
   5.1780000e-02   4.3000000e+01
   5.1990000e-02   3.6000000e+01
   5.2200000e-02   4.2000000e+01
   5.2410000e-02   5.2000000e+01
   5.2620000e-02   2.8000000e+01
   5.2830000e-02   5.4000000e+01
   5.3040000e-02   4.7000000e+01
   5.3250000e-02   3.6000000e+01
   5.3460000e-02   4.7000000e+01
   5.3670000e-02   3.9000000e+01
   5.3880000e-02   3.0000000e+01
   5.4090000e-02   5.1000000e+01
   5.4300000e-02   3.6000000e+01
   5.4510000e-02   4.0000000e+01
   5.4720000e-02   4.5000000e+01
   5.4930000e-02   3.8000000e+01
   5.5140000e-02   3.7000000e+01
   5.5350000e-02   4.3000000e+01
   5.5560000e-02   3.9000000e+01
   5.5770000e-02   3.9000000e+01
   5.5980000e-02   4.1000000e+01
   5.6190000e-02   4.1000000e+01
   5.6400000e-02   3.0000000e+01
   5.6610000e-02   3.6000000e+01
   5.6820000e-02   5.0000000e+01
   5.7030000e-02   3.1000000e+01
   5.7240000e-02   3.6000000e+01
   5.7450000e-02   4.7000000e+01
   5.7660000e-02   3.3000000e+01
   5.7870000e-02   4.0000000e+01
   5.8080000e-02   4.5000000e+01
   5.8290000e-02   3.7000000e+01
   5.8500000e-02   4.2000000e+01
   5.8710000e-02   4.3000000e+01
   5.8920000e-02   3.3000000e+01
   5.9130000e-02   3.5000000e+01
   5.9340000e-02   3.0000000e+01
   5.9550000e-02   5.9000000e+01
   5.9760000e-02   4.2000000e+01
   5.9970000e-02   4.8000000e+01
   6.0180000e-02   3.2000000e+01
   6.0390000e-02   3.9000000e+01
   6.0600000e-02   4.0000000e+01
   6.0810000e-02   4.2000000e+01
   6.1020000e-02   3.1000000e+01
   6.1230000e-02   4.5000000e+01
   6.1440000e-02   3.0000000e+01
   6.1650000e-02   3.8000000e+01
   6.1860000e-02   3.7000000e+01
   6.2070000e-02   3.2000000e+01
   6.2280000e-02   3.7000000e+01
   6.2490000e-02   4.4000000e+01
   6.2700000e-02   3.0000000e+01
   6.2910000e-02   4.3000000e+01
   6.3120000e-02   4.5000000e+01
   6.3330000e-02   4.0000000e+01
   6.3540000e-02   3.6000000e+01
   6.3750000e-02   3.5000000e+01
   6.3960000e-02   4.6000000e+01
   6.4170000e-02   4.5000000e+01
   6.4380000e-02   2.7000000e+01
   6.4590000e-02   4.0000000e+01
   6.4800000e-02   2.9000000e+01
   6.5010000e-02   3.2000000e+01
   6.5220000e-02   3.5000000e+01
   6.5430000e-02   3.1000000e+01
   6.5640000e-02   3.1000000e+01
   6.5850000e-02   3.0000000e+01
   6.6060000e-02   4.3000000e+01
   6.6270000e-02   3.0000000e+01
   6.6480000e-02   3.2000000e+01
   6.6690000e-02   4.0000000e+01
   6.6900000e-02   3.0000000e+01
   6.7110000e-02   3.4000000e+01
   6.7320000e-02   4.5000000e+01
   6.7530000e-02   3.1000000e+01
   6.7740000e-02   5.2000000e+01
   6.7950000e-02   3.3000000e+01
   6.8160000e-02   3.2000000e+01
   6.8370000e-02   3.5000000e+01
   6.8580000e-02   3.9000000e+01
   6.8790000e-02   3.8000000e+01
   6.9000000e-02   2.6000000e+01
   6.9210000e-02   4.4000000e+01
   6.9420000e-02   2.8000000e+01
   6.9630000e-02   3.4000000e+01
   6.9840000e-02   4.6000000e+01
   7.0050000e-02   3.6000000e+01
   7.0260000e-02   4.4000000e+01
   7.0470000e-02   3.5000000e+01
   7.0680000e-02   3.7000000e+01
   7.0890000e-02   3.5000000e+01
   7.1100000e-02   3.4000000e+01
   7.1310000e-02   3.2000000e+01
   7.1520000e-02   3.7000000e+01
   7.1730000e-02   4.3000000e+01
   7.1940000e-02   3.6000000e+01
   7.2150000e-02   2.8000000e+01
   7.2360000e-02   4.0000000e+01
   7.2570000e-02   3.8000000e+01
   7.2780000e-02   3.1000000e+01
   7.2990000e-02   3.3000000e+01
   7.3200000e-02   3.8000000e+01
   7.3410000e-02   4.4000000e+01
   7.3620000e-02   2.7000000e+01
   7.3830000e-02   3.7000000e+01
   7.4040000e-02   3.1000000e+01
   7.4250000e-02   4.0000000e+01
   7.4460000e-02   3.0000000e+01
   7.4670000e-02   4.0000000e+01
   7.4880000e-02   2.5000000e+01
   7.5090000e-02   2.6000000e+01
   7.5300000e-02   4.1000000e+01
   7.5510000e-02   2.6000000e+01
   7.5720000e-02   3.2000000e+01
   7.5930000e-02   3.1000000e+01
   7.6140000e-02   2.5000000e+01
   7.6350000e-02   3.2000000e+01
   7.6560000e-02   2.5000000e+01
   7.6770000e-02   2.4000000e+01
   7.6980000e-02   2.9000000e+01
   7.7190000e-02   3.1000000e+01
   7.7400000e-02   3.7000000e+01
   7.7610000e-02   3.5000000e+01
   7.7820000e-02   2.5000000e+01
   7.8030000e-02   3.5000000e+01
   7.8240000e-02   2.9000000e+01
   7.8450000e-02   2.9000000e+01
   7.8660000e-02   2.6000000e+01
   7.8870000e-02   3.6000000e+01
   7.9080000e-02   3.5000000e+01
   7.9290000e-02   3.2000000e+01
   7.9500000e-02   2.5000000e+01
   7.9710000e-02   3.1000000e+01
   7.9920000e-02   3.0000000e+01
   8.0130000e-02   5.1000000e+01
   8.0340000e-02   2.2000000e+01
   8.0550000e-02   3.4000000e+01
   8.0760000e-02   3.8000000e+01
   8.0970000e-02   3.1000000e+01
   8.1180000e-02   3.8000000e+01
   8.1390000e-02   3.9000000e+01
   8.1600000e-02   3.3000000e+01
   8.1810000e-02   4.0000000e+01
   8.2020000e-02   3.5000000e+01
   8.2230000e-02   4.0000000e+01
   8.2440000e-02   2.8000000e+01
   8.2650000e-02   3.4000000e+01
   8.2860000e-02   2.0000000e+01
   8.3070000e-02   2.2000000e+01
   8.3280000e-02   3.6000000e+01
   8.3490000e-02   3.4000000e+01
   8.3700000e-02   3.4000000e+01
   8.3910000e-02   3.8000000e+01
   8.4120000e-02   3.6000000e+01
   8.4330000e-02   2.7000000e+01
   8.4540000e-02   3.4000000e+01
   8.4750000e-02   2.7000000e+01
   8.4960000e-02   2.5000000e+01
   8.5170000e-02   3.5000000e+01
   8.5380000e-02   3.4000000e+01
   8.5590000e-02   2.9000000e+01
   8.5800000e-02   2.8000000e+01
   8.6010000e-02   3.0000000e+01
   8.6220000e-02   3.0000000e+01
   8.6430000e-02   3.3000000e+01
   8.6640000e-02   3.6000000e+01
   8.6850000e-02   3.7000000e+01
   8.7060000e-02   3.6000000e+01
   8.7270000e-02   1.6000000e+01
   8.7480000e-02   2.6000000e+01
   8.7690000e-02   3.5000000e+01
   8.7900000e-02   2.5000000e+01
   8.8110000e-02   2.5000000e+01
   8.8320000e-02   3.3000000e+01
   8.8530000e-02   4.2000000e+01
   8.8740000e-02   2.7000000e+01
   8.8950000e-02   3.3000000e+01
   8.9160000e-02   4.0000000e+01
   8.9370000e-02   3.0000000e+01
   8.9580000e-02   3.4000000e+01
   8.9790000e-02   2.6000000e+01
   9.0000000e-02   2.7000000e+01
   9.0210000e-02   3.1000000e+01
   9.0420000e-02   2.5000000e+01
   9.0630000e-02   2.7000000e+01
   9.0840000e-02   3.8000000e+01
   9.1050000e-02   4.9000000e+01
   9.1260000e-02   3.0000000e+01
   9.1470000e-02   3.0000000e+01
   9.1680000e-02   3.6000000e+01
   9.1890000e-02   4.2000000e+01
   9.2100000e-02   3.8000000e+01
   9.2310000e-02   3.2000000e+01
   9.2520000e-02   2.4000000e+01
   9.2730000e-02   2.4000000e+01
   9.2940000e-02   2.6000000e+01
   9.3150000e-02   2.8000000e+01
   9.3360000e-02   3.7000000e+01
   9.3570000e-02   4.5000000e+01
   9.3780000e-02   2.5000000e+01
   9.3990000e-02   2.5000000e+01
   9.4200000e-02   2.5000000e+01
   9.4410000e-02   3.2000000e+01
   9.4620000e-02   3.2000000e+01
   9.4830000e-02   2.6000000e+01
   9.5040000e-02   3.5000000e+01
   9.5250000e-02   2.6000000e+01
   9.5460000e-02   3.8000000e+01
   9.5670000e-02   2.8000000e+01
   9.5880000e-02   3.0000000e+01
   9.6090000e-02   3.3000000e+01
   9.6300000e-02   2.2000000e+01
   9.6510000e-02   3.2000000e+01
   9.6720000e-02   3.4000000e+01
   9.6930000e-02   3.0000000e+01
   9.7140000e-02   2.8000000e+01
   9.7350000e-02   4.2000000e+01
   9.7560000e-02   2.9000000e+01
   9.7770000e-02   2.4000000e+01
   9.7980000e-02   2.3000000e+01
   9.8190000e-02   2.4000000e+01
   9.8400000e-02   2.2000000e+01
   9.8610000e-02   1.6000000e+01
   9.8820000e-02   3.0000000e+01
   9.9030000e-02   2.4000000e+01
   9.9240000e-02   1.9000000e+01
   9.9450000e-02   2.2000000e+01
   9.9660000e-02   2.6000000e+01
   9.9870000e-02   2.6000000e+01
   1.0008000e-01   3.7000000e+01
   1.0029000e-01   2.8000000e+01
   1.0050000e-01   2.1000000e+01
   1.0071000e-01   1.8000000e+01
   1.0092000e-01   3.0000000e+01
   1.0113000e-01   2.3000000e+01
   1.0134000e-01   2.8000000e+01
   1.0155000e-01   2.4000000e+01
   1.0176000e-01   3.4000000e+01
   1.0197000e-01   2.5000000e+01
   1.0218000e-01   3.5000000e+01
   1.0239000e-01   3.4000000e+01
   1.0260000e-01   2.1000000e+01
   1.0281000e-01   3.1000000e+01
   1.0302000e-01   2.6000000e+01
   1.0323000e-01   3.3000000e+01
   1.0344000e-01   2.6000000e+01
   1.0365000e-01   2.8000000e+01
   1.0386000e-01   3.1000000e+01
   1.0407000e-01   3.7000000e+01
   1.0428000e-01   2.1000000e+01
   1.0449000e-01   3.5000000e+01
   1.0470000e-01   3.2000000e+01
   1.0491000e-01   2.6000000e+01
   1.0512000e-01   2.8000000e+01
   1.0533000e-01   3.5000000e+01
   1.0554000e-01   2.6000000e+01
   1.0575000e-01   3.4000000e+01
   1.0596000e-01   2.8000000e+01
   1.0617000e-01   4.1000000e+01
   1.0638000e-01   2.7000000e+01
   1.0659000e-01   2.9000000e+01
   1.0680000e-01   2.7000000e+01
   1.0701000e-01   3.6000000e+01
   1.0722000e-01   2.6000000e+01
   1.0743000e-01   2.9000000e+01
   1.0764000e-01   1.9000000e+01
   1.0785000e-01   3.2000000e+01
   1.0806000e-01   3.7000000e+01
   1.0827000e-01   2.7000000e+01
   1.0848000e-01   2.5000000e+01
   1.0869000e-01   2.7000000e+01
   1.0890000e-01   3.6000000e+01
   1.0911000e-01   2.9000000e+01
   1.0932000e-01   2.0000000e+01
   1.0953000e-01   3.6000000e+01
   1.0974000e-01   2.8000000e+01
   1.0995000e-01   2.9000000e+01
   1.1016000e-01   2.0000000e+01
   1.1037000e-01   3.7000000e+01
   1.1058000e-01   1.6000000e+01
   1.1079000e-01   3.5000000e+01
   1.1100000e-01   3.0000000e+01
   1.1121000e-01   2.5000000e+01
   1.1142000e-01   2.6000000e+01
   1.1163000e-01   3.6000000e+01
   1.1184000e-01   2.8000000e+01
   1.1205000e-01   1.9000000e+01
   1.1226000e-01   2.8000000e+01
   1.1247000e-01   3.1000000e+01
   1.1268000e-01   2.1000000e+01
   1.1289000e-01   2.9000000e+01
   1.1310000e-01   2.3000000e+01
   1.1331000e-01   2.6000000e+01
   1.1352000e-01   3.1000000e+01
   1.1373000e-01   2.8000000e+01
   1.1394000e-01   1.6000000e+01
   1.1415000e-01   2.5000000e+01
   1.1436000e-01   3.0000000e+01
   1.1457000e-01   3.0000000e+01
   1.1478000e-01   2.5000000e+01
   1.1499000e-01   3.3000000e+01
   1.1520000e-01   3.0000000e+01
   1.1541000e-01   2.6000000e+01
   1.1562000e-01   3.2000000e+01
   1.1583000e-01   3.2000000e+01
   1.1604000e-01   1.6000000e+01
   1.1625000e-01   3.1000000e+01
   1.1646000e-01   3.3000000e+01
   1.1667000e-01   3.0000000e+01
   1.1688000e-01   2.8000000e+01
   1.1709000e-01   3.3000000e+01
   1.1730000e-01   2.1000000e+01
   1.1751000e-01   3.1000000e+01
   1.1772000e-01   3.7000000e+01
   1.1793000e-01   2.9000000e+01
   1.1814000e-01   3.1000000e+01
   1.1835000e-01   1.6000000e+01
   1.1856000e-01   3.7000000e+01
   1.1877000e-01   2.7000000e+01
   1.1898000e-01   4.0000000e+01
   1.1919000e-01   2.7000000e+01
   1.1940000e-01   2.7000000e+01
   1.1961000e-01   2.9000000e+01
   1.1982000e-01   3.2000000e+01
   1.2003000e-01   1.5000000e+01
   1.2024000e-01   3.1000000e+01
   1.2045000e-01   2.1000000e+01
   1.2066000e-01   2.7000000e+01
   1.2087000e-01   1.8000000e+01
   1.2108000e-01   3.2000000e+01
   1.2129000e-01   2.8000000e+01
   1.2150000e-01   3.0000000e+01
   1.2171000e-01   2.6000000e+01
   1.2192000e-01   3.9000000e+01
   1.2213000e-01   1.8000000e+01
   1.2234000e-01   3.3000000e+01
   1.2255000e-01   2.8000000e+01
   1.2276000e-01   3.2000000e+01
   1.2297000e-01   2.1000000e+01
   1.2318000e-01   2.9000000e+01
   1.2339000e-01   3.6000000e+01
   1.2360000e-01   3.1000000e+01
   1.2381000e-01   4.0000000e+01
   1.2402000e-01   1.3000000e+01
   1.2423000e-01   3.4000000e+01
   1.2444000e-01   2.4000000e+01
   1.2465000e-01   3.1000000e+01
   1.2486000e-01   2.2000000e+01
   1.2507000e-01   3.4000000e+01
   1.2528000e-01   2.9000000e+01
   1.2549000e-01   3.1000000e+01
   1.2570000e-01   3.1000000e+01
   1.2591000e-01   2.6000000e+01
   1.2612000e-01   2.5000000e+01
   1.2633000e-01   2.3000000e+01
   1.2654000e-01   2.8000000e+01
   1.2675000e-01   2.9000000e+01
   1.2696000e-01   2.2000000e+01
   1.2717000e-01   2.9000000e+01
   1.2738000e-01   2.7000000e+01
   1.2759000e-01   2.2000000e+01
   1.2780000e-01   3.3000000e+01
   1.2801000e-01   3.1000000e+01
   1.2822000e-01   2.3000000e+01
   1.2843000e-01   3.4000000e+01
   1.2864000e-01   2.4000000e+01
   1.2885000e-01   2.9000000e+01
   1.2906000e-01   2.6000000e+01
   1.2927000e-01   2.0000000e+01
   1.2948000e-01   3.0000000e+01
   1.2969000e-01   2.7000000e+01
   1.2990000e-01   2.5000000e+01
   1.3011000e-01   3.5000000e+01
   1.3032000e-01   2.4000000e+01
   1.3053000e-01   3.2000000e+01
   1.3074000e-01   2.3000000e+01
   1.3095000e-01   2.7000000e+01
   1.3116000e-01   3.6000000e+01
   1.3137000e-01   3.5000000e+01
   1.3158000e-01   4.3000000e+01
   1.3179000e-01   2.6000000e+01
   1.3200000e-01   3.5000000e+01
   1.3221000e-01   3.0000000e+01
   1.3242000e-01   2.3000000e+01
   1.3263000e-01   2.6000000e+01
   1.3284000e-01   2.7000000e+01
   1.3305000e-01   3.2000000e+01
   1.3326000e-01   2.8000000e+01
   1.3347000e-01   2.1000000e+01
   1.3368000e-01   2.8000000e+01
   1.3389000e-01   3.0000000e+01
   1.3410000e-01   2.7000000e+01
   1.3431000e-01   2.3000000e+01
   1.3452000e-01   2.4000000e+01
   1.3473000e-01   1.6000000e+01
   1.3494000e-01   3.0000000e+01
   1.3515000e-01   3.1000000e+01
   1.3536000e-01   2.2000000e+01
   1.3557000e-01   2.0000000e+01
   1.3578000e-01   3.1000000e+01
   1.3599000e-01   2.7000000e+01
   1.3620000e-01   2.8000000e+01
   1.3641000e-01   2.4000000e+01
   1.3662000e-01   3.1000000e+01
   1.3683000e-01   2.4000000e+01
   1.3704000e-01   2.0000000e+01
   1.3725000e-01   2.8000000e+01
   1.3746000e-01   2.9000000e+01
   1.3767000e-01   3.2000000e+01
   1.3788000e-01   2.8000000e+01
   1.3809000e-01   3.9000000e+01
   1.3830000e-01   2.5000000e+01
   1.3851000e-01   3.1000000e+01
   1.3872000e-01   1.8000000e+01
   1.3893000e-01   2.5000000e+01
   1.3914000e-01   3.8000000e+01
   1.3935000e-01   3.2000000e+01
   1.3956000e-01   2.0000000e+01
   1.3977000e-01   2.3000000e+01
   1.3998000e-01   2.5000000e+01
   1.4019000e-01   2.3000000e+01
   1.4040000e-01   2.7000000e+01
   1.4061000e-01   2.8000000e+01
   1.4082000e-01   2.1000000e+01
   1.4103000e-01   2.5000000e+01
   1.4124000e-01   3.2000000e+01
   1.4145000e-01   2.0000000e+01
   1.4166000e-01   3.7000000e+01
   1.4187000e-01   2.8000000e+01
   1.4208000e-01   3.1000000e+01
   1.4229000e-01   3.0000000e+01
   1.4250000e-01   2.0000000e+01
   1.4271000e-01   3.6000000e+01
   1.4292000e-01   2.0000000e+01
   1.4313000e-01   3.0000000e+01
   1.4334000e-01   2.9000000e+01
   1.4355000e-01   1.7000000e+01
   1.4376000e-01   2.9000000e+01
   1.4397000e-01   2.6000000e+01
   1.4418000e-01   3.5000000e+01
   1.4439000e-01   3.5000000e+01
   1.4460000e-01   2.3000000e+01
   1.4481000e-01   3.2000000e+01
   1.4502000e-01   2.6000000e+01
   1.4523000e-01   3.4000000e+01
   1.4544000e-01   3.3000000e+01
   1.4565000e-01   2.6000000e+01
   1.4586000e-01   3.6000000e+01
   1.4607000e-01   3.3000000e+01
   1.4628000e-01   2.6000000e+01
   1.4649000e-01   2.8000000e+01
   1.4670000e-01   2.5000000e+01
   1.4691000e-01   2.5000000e+01
   1.4712000e-01   2.5000000e+01
   1.4733000e-01   2.2000000e+01
   1.4754000e-01   2.3000000e+01
   1.4775000e-01   2.2000000e+01
   1.4796000e-01   3.7000000e+01
   1.4817000e-01   2.4000000e+01
   1.4838000e-01   2.2000000e+01
   1.4859000e-01   2.7000000e+01
   1.4880000e-01   3.0000000e+01
   1.4901000e-01   3.4000000e+01
   1.4922000e-01   2.5000000e+01
   1.4943000e-01   3.2000000e+01
   1.4964000e-01   2.7000000e+01
   1.4985000e-01   3.0000000e+01
   1.5006000e-01   3.7000000e+01
   1.5027000e-01   2.8000000e+01
   1.5048000e-01   2.1000000e+01
   1.5069000e-01   2.3000000e+01
   1.5090000e-01   2.3000000e+01
   1.5111000e-01   3.4000000e+01
   1.5132000e-01   2.9000000e+01
   1.5153000e-01   2.7000000e+01
   1.5174000e-01   2.0000000e+01
   1.5195000e-01   1.9000000e+01
   1.5216000e-01   3.0000000e+01
   1.5237000e-01   2.8000000e+01
   1.5258000e-01   1.9000000e+01
   1.5279000e-01   1.8000000e+01
   1.5300000e-01   2.6000000e+01
   1.5321000e-01   2.7000000e+01
   1.5342000e-01   3.6000000e+01
   1.5363000e-01   1.5000000e+01
   1.5384000e-01   2.6000000e+01
   1.5405000e-01   2.6000000e+01
   1.5426000e-01   2.8000000e+01
   1.5447000e-01   1.9000000e+01
   1.5468000e-01   3.9000000e+01
   1.5489000e-01   2.3000000e+01
   1.5510000e-01   2.4000000e+01
   1.5531000e-01   2.5000000e+01
   1.5552000e-01   2.1000000e+01
   1.5573000e-01   2.4000000e+01
   1.5594000e-01   3.3000000e+01
   1.5615000e-01   3.2000000e+01
   1.5636000e-01   3.1000000e+01
   1.5657000e-01   1.8000000e+01
   1.5678000e-01   2.8000000e+01
   1.5699000e-01   2.1000000e+01
   1.5720000e-01   0.0000000e+00
   1.5741000e-01   0.0000000e+00
   1.5762000e-01   0.0000000e+00
   1.5783000e-01   0.0000000e+00
   1.5804000e-01   0.0000000e+00
   1.5825000e-01   0.0000000e+00
   1.5846000e-01   0.0000000e+00
   1.5867000e-01   0.0000000e+00
   1.5888000e-01   0.0000000e+00
   1.5909000e-01   0.0000000e+00
   1.5930000e-01   0.0000000e+00
   1.5951000e-01   0.0000000e+00
   1.5972000e-01   0.0000000e+00
   1.5993000e-01   0.0000000e+00
   1.6014000e-01   0.0000000e+00
   1.6035000e-01   0.0000000e+00
   1.6056000e-01   0.0000000e+00
   1.6077000e-01   0.0000000e+00
   1.6098000e-01   0.0000000e+00
   1.6119000e-01   0.0000000e+00
   1.6140000e-01   0.0000000e+00
   1.6161000e-01   0.0000000e+00
   1.6182000e-01   0.0000000e+00
   1.6203000e-01   0.0000000e+00
   1.6224000e-01   0.0000000e+00
   1.6245000e-01   0.0000000e+00
   1.6266000e-01   0.0000000e+00
   1.6287000e-01   0.0000000e+00
   1.6308000e-01   0.0000000e+00
   1.6329000e-01   0.0000000e+00
   1.6350000e-01   0.0000000e+00
   1.6371000e-01   0.0000000e+00
   1.6392000e-01   0.0000000e+00
   1.6413000e-01   0.0000000e+00
   1.6434000e-01   0.0000000e+00
   1.6455000e-01   0.0000000e+00
   1.6476000e-01   0.0000000e+00
   1.6497000e-01   0.0000000e+00
   1.6518000e-01   0.0000000e+00
   1.6539000e-01   0.0000000e+00
   1.6560000e-01   0.0000000e+00
   1.6581000e-01   0.0000000e+00
   1.6602000e-01   0.0000000e+00
   1.6623000e-01   0.0000000e+00
   1.6644000e-01   0.0000000e+00
   1.6665000e-01   0.0000000e+00
   1.6686000e-01   0.0000000e+00
   1.6707000e-01   0.0000000e+00
   1.6728000e-01   0.0000000e+00
   1.6749000e-01   0.0000000e+00
   1.6770000e-01   0.0000000e+00
   1.6791000e-01   0.0000000e+00
   1.6812000e-01   0.0000000e+00
   1.6833000e-01   0.0000000e+00
   1.6854000e-01   0.0000000e+00
   1.6875000e-01   0.0000000e+00
   1.6896000e-01   0.0000000e+00
   1.6917000e-01   0.0000000e+00
   1.6938000e-01   0.0000000e+00
   1.6959000e-01   0.0000000e+00
   1.6980000e-01   0.0000000e+00
   1.7001000e-01   0.0000000e+00
   1.7022000e-01   0.0000000e+00
   1.7043000e-01   0.0000000e+00
   1.7064000e-01   0.0000000e+00
   1.7085000e-01   0.0000000e+00
   1.7106000e-01   0.0000000e+00
   1.7127000e-01   0.0000000e+00
   1.7148000e-01   0.0000000e+00
   1.7169000e-01   0.0000000e+00
   1.7190000e-01   0.0000000e+00
   1.7211000e-01   0.0000000e+00
   1.7232000e-01   0.0000000e+00
   1.7253000e-01   0.0000000e+00
   1.7274000e-01   0.0000000e+00
   1.7295000e-01   0.0000000e+00
   1.7316000e-01   0.0000000e+00
   1.7337000e-01   0.0000000e+00
   1.7358000e-01   0.0000000e+00
   1.7379000e-01   0.0000000e+00
   1.7400000e-01   0.0000000e+00
   1.7421000e-01   0.0000000e+00
   1.7442000e-01   0.0000000e+00
   1.7463000e-01   0.0000000e+00
   1.7484000e-01   0.0000000e+00
   1.7505000e-01   0.0000000e+00
   1.7526000e-01   0.0000000e+00
   1.7547000e-01   0.0000000e+00
   1.7568000e-01   0.0000000e+00
   1.7589000e-01   0.0000000e+00
   1.7610000e-01   0.0000000e+00
   1.7631000e-01   0.0000000e+00
   1.7652000e-01   0.0000000e+00
   1.7673000e-01   0.0000000e+00
   1.7694000e-01   0.0000000e+00
   1.7715000e-01   0.0000000e+00
   1.7736000e-01   0.0000000e+00
   1.7757000e-01   0.0000000e+00
   1.7778000e-01   0.0000000e+00
   1.7799000e-01   0.0000000e+00
   1.7820000e-01   0.0000000e+00
   1.7841000e-01   0.0000000e+00
   1.7862000e-01   0.0000000e+00
   1.7883000e-01   0.0000000e+00
   1.7904000e-01   0.0000000e+00
   1.7925000e-01   0.0000000e+00
   1.7946000e-01   0.0000000e+00
   1.7967000e-01   0.0000000e+00
   1.7988000e-01   0.0000000e+00
   1.8009000e-01   0.0000000e+00
   1.8030000e-01   0.0000000e+00
   1.8051000e-01   0.0000000e+00
   1.8072000e-01   0.0000000e+00
   1.8093000e-01   0.0000000e+00
   1.8114000e-01   0.0000000e+00
   1.8135000e-01   0.0000000e+00
   1.8156000e-01   0.0000000e+00
   1.8177000e-01   0.0000000e+00
   1.8198000e-01   0.0000000e+00
   1.8219000e-01   0.0000000e+00
