Mikä on potentiaalivallin korkeus (cm-1)? 406.6425926
Mihin m:n arvoon asti muodostetaan kantafunktiota? 3
    452.1713      0.0000      0.0000   -101.6606      0.0000      0.0000      0.0000
      0.0000    313.9213      0.0000      0.0000   -101.6606      0.0000      0.0000
      0.0000      0.0000    230.9713      0.0000      0.0000   -101.6606      0.0000
   -101.6606      0.0000      0.0000    203.3213      0.0000      0.0000   -101.6606
      0.0000   -101.6606      0.0000      0.0000    230.9713      0.0000      0.0000
      0.0000      0.0000   -101.6606      0.0000      0.0000    313.9213      0.0000
      0.0000      0.0000      0.0000   -101.6606      0.0000      0.0000    452.1713


   101.66064815000000     
    488.4213      0.0000      0.0000      0.0000      0.0000      0.0000     34.1443
      0.0000    313.9213      0.0000      0.0000   -101.6606      0.0000      0.0000
      0.0000      0.0000    230.9713      0.0000      0.0000   -101.6606      0.0000
      0.0000      0.0000      0.0000    167.0713      0.0000      0.0000    -95.7552
      0.0000   -101.6606      0.0000      0.0000    230.9713      0.0000      0.0000
      0.0000      0.0000   -101.6606      0.0000      0.0000    313.9213      0.0000
     34.1443      0.0000      0.0000    -95.7552      0.0000      0.0000    452.1713


   101.66064815000000     
    488.4213      0.0000      0.0000      0.0000      0.0000      0.0000     34.1443
      0.0000    382.2418      0.0000      0.0000      0.0000      0.0000      0.0000
      0.0000      0.0000    230.9713      0.0000      0.0000   -101.6606      0.0000
      0.0000      0.0000      0.0000    167.0713      0.0000      0.0000    -95.7552
      0.0000      0.0000      0.0000      0.0000    162.6507      0.0000      0.0000
      0.0000      0.0000   -101.6606      0.0000      0.0000    313.9213      0.0000
     34.1443      0.0000      0.0000    -95.7552      0.0000      0.0000    452.1713


   101.66064815000000     
    488.4213      0.0000      0.0000      0.0000      0.0000      0.0000     34.1443
      0.0000    382.2418      0.0000      0.0000      0.0000      0.0000      0.0000
      0.0000      0.0000    162.6507      0.0000      0.0000      0.0000      0.0000
      0.0000      0.0000      0.0000    167.0713      0.0000      0.0000    -95.7552
      0.0000      0.0000      0.0000      0.0000    162.6507      0.0000      0.0000
      0.0000      0.0000      0.0000      0.0000      0.0000    382.2418      0.0000
     34.1443      0.0000      0.0000    -95.7552      0.0000      0.0000    452.1713


   95.755186853054553     
    488.4213      0.0000      0.0000      9.9516      0.0000      0.0000     32.6619
      0.0000    382.2418      0.0000      0.0000      0.0000      0.0000      0.0000
      0.0000      0.0000    162.6507      0.0000      0.0000      0.0000      0.0000
      9.9516      0.0000      0.0000    137.8960      0.0000      0.0000      0.0000
      0.0000      0.0000      0.0000      0.0000    162.6507      0.0000      0.0000
      0.0000      0.0000      0.0000      0.0000      0.0000    382.2418      0.0000
     32.6619      0.0000      0.0000      0.0000      0.0000      0.0000    481.3465


   32.661861251290368     
    517.7368      0.0000      0.0000      7.4060      0.0000      0.0000      0.0000
      0.0000    382.2418      0.0000      0.0000      0.0000      0.0000      0.0000
      0.0000      0.0000    162.6507      0.0000      0.0000      0.0000      0.0000
      7.4060      0.0000      0.0000    137.8960      0.0000      0.0000     -6.6472
      0.0000      0.0000      0.0000      0.0000    162.6507      0.0000      0.0000
      0.0000      0.0000      0.0000      0.0000      0.0000    382.2418      0.0000
      0.0000      0.0000      0.0000     -6.6472      0.0000      0.0000    452.0311


   7.4060052326409300     
    517.8811      0.0000      0.0000      0.0000      0.0000      0.0000     -0.1295
      0.0000    382.2418      0.0000      0.0000      0.0000      0.0000      0.0000
      0.0000      0.0000    162.6507      0.0000      0.0000      0.0000      0.0000
     -0.0000      0.0000      0.0000    137.7517      0.0000      0.0000     -6.6460
      0.0000      0.0000      0.0000      0.0000    162.6507      0.0000      0.0000
      0.0000      0.0000      0.0000      0.0000      0.0000    382.2418      0.0000
     -0.1295      0.0000      0.0000     -6.6460      0.0000      0.0000    452.0311


   6.6459537127106678     
    517.8811      0.0000      0.0000     -0.0027      0.0000      0.0000     -0.1295
      0.0000    382.2418      0.0000      0.0000      0.0000      0.0000      0.0000
      0.0000      0.0000    162.6507      0.0000      0.0000      0.0000      0.0000
     -0.0027      0.0000      0.0000    137.6112      0.0000      0.0000      0.0000
      0.0000      0.0000      0.0000      0.0000    162.6507      0.0000      0.0000
      0.0000      0.0000      0.0000      0.0000      0.0000    382.2418      0.0000
     -0.1295      0.0000      0.0000      0.0000      0.0000      0.0000    452.1716


  0.12950237782676075     
    517.8814      0.0000      0.0000     -0.0027      0.0000      0.0000      0.0000
      0.0000    382.2418      0.0000      0.0000      0.0000      0.0000      0.0000
      0.0000      0.0000    162.6507      0.0000      0.0000      0.0000      0.0000
     -0.0027      0.0000      0.0000    137.6112      0.0000      0.0000     -0.0000
      0.0000      0.0000      0.0000      0.0000    162.6507      0.0000      0.0000
      0.0000      0.0000      0.0000      0.0000      0.0000    382.2418      0.0000
     -0.0000      0.0000      0.0000     -0.0000      0.0000      0.0000    452.1713


   2.7373114824919172E-003
    517.8814      0.0000      0.0000      0.0000      0.0000      0.0000      0.0000
      0.0000    382.2418      0.0000      0.0000      0.0000      0.0000      0.0000
      0.0000      0.0000    162.6507      0.0000      0.0000      0.0000      0.0000
      0.0000      0.0000      0.0000    137.6112      0.0000      0.0000     -0.0000
      0.0000      0.0000      0.0000      0.0000    162.6507      0.0000      0.0000
      0.0000      0.0000      0.0000      0.0000      0.0000    382.2418      0.0000
      0.0000      0.0000      0.0000     -0.0000      0.0000      0.0000    452.1713


   5.3947526329929061E-006
    517.8814      0.0000      0.0000      0.0000      0.0000      0.0000      0.0000
      0.0000    382.2418      0.0000      0.0000      0.0000      0.0000      0.0000
      0.0000      0.0000    162.6507      0.0000      0.0000      0.0000      0.0000
      0.0000      0.0000      0.0000    137.6112      0.0000      0.0000      0.0000
      0.0000      0.0000      0.0000      0.0000    162.6507      0.0000      0.0000
      0.0000      0.0000      0.0000      0.0000      0.0000    382.2418      0.0000
      0.0000      0.0000      0.0000      0.0000      0.0000      0.0000    452.1713


   3.8833003657561255E-011
    517.8814      0.0000      0.0000      0.0000      0.0000      0.0000      0.0000
      0.0000    382.2418      0.0000      0.0000      0.0000      0.0000      0.0000
      0.0000      0.0000    162.6507      0.0000      0.0000      0.0000      0.0000
      0.0000      0.0000      0.0000    137.6112      0.0000      0.0000      0.0000
      0.0000      0.0000      0.0000      0.0000    162.6507      0.0000      0.0000
      0.0000      0.0000      0.0000      0.0000      0.0000    382.2418      0.0000
      0.0000      0.0000      0.0000     -0.0000      0.0000      0.0000    452.1713


   1.4210854715202004E-014
    517.8814      0.0000      0.0000      0.0000      0.0000      0.0000      0.0000
      0.0000    382.2418      0.0000      0.0000      0.0000      0.0000      0.0000
      0.0000      0.0000    162.6507      0.0000      0.0000     -0.0000      0.0000
      0.0000      0.0000      0.0000    137.6112      0.0000      0.0000      0.0000
      0.0000      0.0000      0.0000      0.0000    162.6507      0.0000      0.0000
      0.0000      0.0000      0.0000      0.0000      0.0000    382.2418      0.0000
      0.0000      0.0000      0.0000     -0.0000      0.0000      0.0000    452.1713


   6.6599181329836105E-019
 Supistui!
 Iteraatiot:           12
   517.88139403199716     
   382.24184724482700     
   162.65074535517300     
   137.61119856800249     
   162.65074535517300     
   382.24184724482700     
   452.17129629999999     

Process returned 0 (0x0)   execution time : 4.287 s
Press ENTER to continue.
