   0.00000000      0.750000000       0.00000000       0.00000000       0.00000000    
   5.00000007E-02  0.713869512       3.58575135E-02   2.72527162E-04   4.47209459E-07
  0.100000001      0.680336714       6.86030984E-02   1.05659745E-03   3.59036494E-06
  0.150000006      0.649202108       9.84811038E-02   2.30495119E-03   1.18366443E-05
  0.200000003      0.620281637      0.125716910       3.97407729E-03   2.73762271E-05
  0.250000000      0.593405485      0.150518402       6.02391968E-03   5.21927141E-05
  0.300000012      0.568416893      0.173077315       8.41761101E-03   8.81804153E-05
  0.350000024      0.545171380      0.193570480       1.11212237E-02   1.36916526E-04
  0.400000036      0.523535609      0.212160990       1.41035412E-02   1.99859962E-04
  0.450000048      0.503386497      0.228999272       1.73358470E-02   2.78383493E-04
  0.500000060      0.484610587      0.244224072       2.07917280E-02   3.73613089E-04
  0.550000072      0.467103124      0.257963330       2.44468972E-02   4.86649573E-04
  0.600000083      0.450767517      0.270335048       2.82790307E-02   6.18403777E-04
  0.650000095      0.435514599      0.281448066       3.22676077E-02   7.69726932E-04
  0.700000107      0.421262145      0.291402757       3.63937803E-02   9.41317528E-04
  0.750000119      0.407934248      0.300291657       4.06402275E-02   1.13386661E-03
  0.800000131      0.395460904      0.308200151       4.49910536E-02   1.34789199E-03
  0.850000143      0.383777499      0.315206915       4.94316667E-02   1.58391893E-03
  0.900000155      0.372824430      0.321384549       5.39486744E-02   1.84234604E-03
  0.950000167      0.362546682      0.326799989       5.85298017E-02   2.12352723E-03
   1.00000012      0.352893531      0.331514955       6.31637871E-02   2.42772698E-03
   1.05000007      0.343818098      0.335586339       6.78403229E-02   2.75523961E-03
   1.10000002      0.335277200      0.339066625       7.25499690E-02   3.10620666E-03
   1.14999998      0.327230960      0.342004180       7.72840753E-02   3.48078460E-03
   1.19999993      0.319642544      0.344443649       8.20347369E-02   3.87907028E-03
   1.24999988      0.312478006      0.346426100       8.67947340E-02   4.30116057E-03
   1.29999983      0.305706024      0.347989470       9.15574729E-02   4.74703312E-03
   1.34999979      0.299297631      0.349168718       9.63169336E-02   5.21671772E-03
   1.39999974      0.293226153      0.349996030      0.101067625       5.71019202E-03
   1.44999969      0.287466943      0.350501120      0.105804555       6.22738153E-03
   1.49999964      0.281997234      0.350711375      0.110523172       6.76821917E-03
   1.54999959      0.276796073      0.350652009      0.115219355       7.33256340E-03
   1.59999955      0.271844029      0.350346267      0.119889356       7.92034715E-03
   1.64999950      0.267123252      0.349815577      0.124529779       8.53139162E-03
   1.69999945      0.262617201      0.349079669      0.129137561       9.16557014E-03
   1.74999940      0.258310646      0.348156750      0.133709922       9.82268155E-03
   1.79999936      0.254189491      0.347063571      0.138244376       1.05025619E-02
   1.84999931      0.250240713      0.345815569      0.142738685       1.12050325E-02
   1.89999926      0.246452346      0.344426960      0.147190824       1.19298846E-02
   1.94999921      0.242813274      0.342910826      0.151599020       1.26768649E-02
   1.99999917      0.239313275      0.341279268      0.155961663       1.34458244E-02
   2.04999924      0.235942885      0.339543372      0.160277337       1.42363906E-02
   2.09999919      0.232693359      0.337713361      0.164544806       1.50484592E-02
   2.14999914      0.229556635      0.335798651      0.168762952       1.58817768E-02
   2.19999909      0.226525247      0.333807915      0.172930837       1.67360008E-02
   2.24999905      0.223592296      0.331749111      0.177047625       1.76109821E-02
   2.29999900      0.220751420      0.329629570      0.181112617       1.85064077E-02
   2.34999895      0.217996746      0.327456057      0.185125202       1.94220245E-02
   2.39999890      0.215322807      0.325234741      0.189084888       2.03575790E-02
   2.44999886      0.212724581      0.322971374      0.192991272       2.13127881E-02
   2.49999881      0.210197419      0.320671171      0.196844026       2.22873539E-02
   2.54999876      0.207737014      0.318338960      0.200642899       2.32811123E-02
   2.59999871      0.205339387      0.315979183      0.204387724       2.42937207E-02
   2.64999866      0.203000858      0.313595861      0.208078384       2.53249109E-02
   2.69999862      0.200718001      0.311192781      0.211714819       2.63744146E-02
   2.74999857      0.198487684      0.308773339      0.215297028       2.74419338E-02
   2.79999852      0.196306974      0.306340694      0.218825072       2.85272896E-02
   2.84999847      0.194173157      0.303897709      0.222299039       2.96300948E-02
   2.89999843      0.192083731      0.301447034      0.225719064       3.07501853E-02
   2.94999838      0.190036386      0.298991084      0.229085326       3.18871737E-02
   2.99999833      0.188028961      0.296532094      0.232398018       3.30409557E-02
   3.04999828      0.186059460      0.294072062      0.235657394       3.42110693E-02
   3.09999824      0.184126034      0.291612864      0.238863707       3.53974104E-02
   3.14999819      0.182226956      0.289156169      0.242017239       3.65996361E-02
   3.19999814      0.180360630      0.286703557      0.245118320       3.78175080E-02
   3.24999809      0.178525582      0.284256399      0.248167276       3.90507579E-02
   3.29999804      0.176720440      0.281816006      0.251164466       4.02990878E-02
   3.34999800      0.174943924      0.279383540      0.254110247       4.15622890E-02
   3.39999795      0.173194841      0.276960045      0.257005006       4.28401232E-02
   3.44999790      0.171472088      0.274546504      0.259849131       4.41322923E-02
   3.49999785      0.169774622      0.272143811      0.262643039       4.54384983E-02
   3.54999781      0.168101504      0.269752711      0.265387148       4.67586517E-02
   3.59999776      0.166451827      0.267373949      0.268081903       4.80923355E-02
   3.64999771      0.164824754      0.265008181      0.270727694       4.94394004E-02
   3.69999766      0.163219512      0.262655973      0.273324996       5.07995188E-02
   3.74999762      0.161635369      0.260317832      0.275874257       5.21725118E-02
   3.79999757      0.160071641      0.257994235      0.278375924       5.35582304E-02
   3.84999752      0.158527702      0.255685598      0.280830473       5.49561977E-02
   3.89999747      0.157002956      0.253392279      0.283238351       5.63664436E-02
   3.94999743      0.155496836      0.251114607      0.285600007       5.77885509E-02
   3.99999738      0.154008836      0.248852879      0.287915945       5.92223108E-02
   4.04999733      0.152538449      0.246607333      0.290186614       6.06676340E-02
   4.09999752      0.151085213      0.244378194      0.292412460       6.21241331E-02
   4.14999771      0.149648696      0.242165655      0.294593990       6.35916889E-02
   4.19999790      0.148228496      0.239969864      0.296731651       6.50699735E-02
   4.24999809      0.146824226      0.237790957      0.298825920       6.65588975E-02
   4.29999828      0.145435512      0.235629037      0.300877273       6.80581927E-02
   4.34999847      0.144062012      0.233484209      0.302886188       6.95675611E-02
   4.39999866      0.142703414      0.231356531      0.304853112       7.10869431E-02
   4.44999886      0.141359404      0.229246050      0.306778520       7.26160407E-02
   4.49999905      0.140029684      0.227152795      0.308662862       7.41546750E-02
   4.54999924      0.138713986      0.225076795      0.310506612       7.57026374E-02
   4.59999943      0.137412041      0.223018050      0.312310249       7.72596300E-02
   4.64999962      0.136123598      0.220976546      0.314074218       7.88256526E-02
   4.69999981      0.134848431      0.218952268      0.315798968       8.04003477E-02
   4.75000000      0.133586302      0.216945186      0.317484945       8.19835961E-02
   4.80000019      0.132336989      0.214955270      0.319132626       8.35751295E-02
   4.85000038      0.131100297      0.212982446      0.320742428       8.51748288E-02
   4.90000057      0.129876018      0.211026683      0.322314829       8.67824852E-02
   4.95000076      0.128663972      0.209087893      0.323850244       8.83978903E-02
   5.00000095      0.127463967      0.207166016      0.325349122       9.00209248E-02
   5.05000114      0.126275823      0.205260977      0.326811880       9.16512907E-02
   5.10000134      0.125099376      0.203372687      0.328238964       9.32889879E-02
   5.15000153      0.123934463      0.201501071      0.329630822       9.49336588E-02
   5.20000172      0.122780927      0.199646026      0.330987841       9.65852141E-02
   5.25000191      0.121638618      0.197807446      0.332310468       9.82435048E-02
   5.30000210      0.120507389      0.195985258      0.333599091       9.99082923E-02
   5.35000229      0.119387098      0.194179341      0.334854156      0.101579398    
   5.40000248      0.118277602      0.192389593      0.336076051      0.103256732    
   5.45000267      0.117178775      0.190615907      0.337265193      0.104940116    
   5.50000286      0.116090484      0.188858166      0.338422000      0.106629372    
   5.55000305      0.115012601      0.187116265      0.339546859      0.108324289    
   5.60000324      0.113945000      0.185390085      0.340640157      0.110024750    
   5.65000343      0.112887569      0.183679521      0.341702282      0.111730635    
   5.70000362      0.111840181      0.181984439      0.342733651      0.113441736    
   5.75000381      0.110802732      0.180304736      0.343734622      0.115157932    
   5.80000401      0.109775111      0.178640291      0.344705582      0.116878986    
   5.85000420      0.108757205      0.176990986      0.345646918      0.118604898    
   5.90000439      0.107748911      0.175356701      0.346558988      0.120335400    
   5.95000458      0.106750116      0.173737302      0.347442150      0.122070432    
   6.00000477      0.105760731      0.172132686      0.348296791      0.123809785    
   6.05000496      0.104780644      0.170542717      0.349123269      0.125553340    
   6.10000515      0.103809766      0.168967292      0.349921942      0.127300978    
   6.15000534      0.102848001      0.167406276      0.350693166      0.129052579    
   6.20000553      0.101895250      0.165859550      0.351437300      0.130807877    
   6.25000572      0.100951426      0.164326996      0.352154702      0.132566869    
   6.30000591      0.100016430      0.162808493      0.352845699      0.134329408    
   6.35000610       9.90901738E-02  0.161303923      0.353510618      0.136095285    
   6.40000629       9.81725752E-02  0.159813166      0.354149818      0.137864470    
   6.45000648       9.72635448E-02  0.158336088      0.354763627      0.139636695    
   6.50000668       9.63629931E-02  0.156872585      0.355352372      0.141412050    
   6.55000687       9.54708457E-02  0.155422539      0.355916381      0.143190235    
   6.60000706       9.45870131E-02  0.153985828      0.356455982      0.144971192    
   6.65000725       9.37114134E-02  0.152562335      0.356971502      0.146754742    
   6.70000744       9.28439647E-02  0.151151940      0.357463241      0.148540854    
   6.75000763       9.19845849E-02  0.149754539      0.357931525      0.150329381    
   6.80000782       9.11331996E-02  0.148369998      0.358376652      0.152120203    
   6.85000801       9.02897343E-02  0.146998212      0.358798951      0.153913110    
   6.90000820       8.94541070E-02  0.145639077      0.359198719      0.155708104    
   6.95000839       8.86262506E-02  0.144292459      0.359576255      0.157505006    
   7.00000858       8.78060833E-02  0.142958269      0.359931827      0.159303784    
   7.05000877       8.69935304E-02  0.141636372      0.360265762      0.161104351    
   7.10000896       8.61885250E-02  0.140326664      0.360578358      0.162906408    
   7.15000916       8.53909925E-02  0.139029041      0.360869884      0.164710104    
   7.20000935       8.46008584E-02  0.137743399      0.361140639      0.166515082    
   7.25000954       8.38180557E-02  0.136469617      0.361390889      0.168321431    
   7.30000973       8.30425099E-02  0.135207593      0.361620903      0.170129001    
   7.35000992       8.22741613E-02  0.133957222      0.361830980      0.171937674    
   7.40001011       8.15129355E-02  0.132718399      0.362021387      0.173747301    
   7.45001030       8.07587653E-02  0.131491005      0.362192392      0.175557852    
   7.50001049       8.00115839E-02  0.130274951      0.362344265      0.177369177    
   7.55001068       7.92713314E-02  0.129070133      0.362477273      0.179181248    
   7.60001087       7.85379410E-02  0.127876446      0.362591684      0.180993915    
   7.65001106       7.78113455E-02  0.126693785      0.362687737      0.182807118    
   7.70001125       7.70914778E-02  0.125522047      0.362765700      0.184620827    
   7.75001144       7.63782784E-02  0.124361135      0.362825811      0.186434746    
   7.80001163       7.56716877E-02  0.123210952      0.362868339      0.188249022    
   7.85001183       7.49716386E-02  0.122071393      0.362893522      0.190063477    
   7.90001202       7.42780715E-02  0.120942369      0.362901628      0.191877961    
   7.95001221       7.35909268E-02  0.119823776      0.362892866      0.193692446    
   8.00001240       7.29101449E-02  0.118715525      0.362867504      0.195506841    
   8.05001259       7.22356662E-02  0.117617518      0.362825751      0.197321057    
   8.10001278       7.15674311E-02  0.116529658      0.362767845      0.199135095    
   8.15001297       7.09053874E-02  0.115451857      0.362694025      0.200948715    
   8.20001316       7.02494681E-02  0.114384018      0.362604529      0.202762038    
   8.25001335       6.95996210E-02  0.113326050      0.362499565      0.204574734    
   8.30001354       6.89557865E-02  0.112277865      0.362379372      0.206386983    
   8.35001373       6.83179125E-02  0.111239374      0.362244189      0.208198547    
   8.40001392       6.76859468E-02  0.110210478      0.362094194      0.210009366    
   8.45001411       6.70598298E-02  0.109191097      0.361929625      0.211819440    
   8.50001431       6.64395019E-02  0.108181141      0.361750692      0.213628680    
   8.55001450       6.58249184E-02  0.107180528      0.361557603      0.215436935    
   8.60001469       6.52160197E-02  0.106189162      0.361350596      0.217244208    
   8.65001488       6.46127537E-02  0.105206966      0.361129850      0.219050437    
   8.70001507       6.40150756E-02  0.104233854      0.360895574      0.220855474    
   8.75001526       6.34229258E-02  0.103269741      0.360647976      0.222659349    
   8.80001545       6.28362522E-02  0.102314539      0.360387266      0.224461973    
   8.85001564       6.22550100E-02  0.101368174      0.360113621      0.226263165    
   8.90001583       6.16791435E-02  0.100430563      0.359827250      0.228063077    
   8.95001602       6.11086078E-02   9.95016173E-02  0.359528333      0.229861468    
   9.00001621       6.05433472E-02   9.85812619E-02  0.359217077      0.231658310    
   9.05001640       5.99833168E-02   9.76694226E-02  0.358893663      0.233453602    
   9.10001659       5.94284683E-02   9.67660174E-02  0.358558297      0.235247254    
   9.15001678       5.88787533E-02   9.58709642E-02  0.358211130      0.237039119    
   9.20001698       5.83341233E-02   9.49841887E-02  0.357852370      0.238829345    
   9.25001717       5.77945337E-02   9.41056162E-02  0.357482195      0.240617692    
   9.30001736       5.72599359E-02   9.32351649E-02  0.357100785      0.242404163    
   9.35001755       5.67302853E-02   9.23727676E-02  0.356708318      0.244188637    
   9.40001774       5.62055334E-02   9.15183499E-02  0.356304944      0.245971203    
   9.45001793       5.56856357E-02   9.06718299E-02  0.355890870      0.247751653    
   9.50001812       5.51705472E-02   8.98331404E-02  0.355466247      0.249530077    
   9.55001831       5.46602234E-02   8.90022069E-02  0.355031252      0.251306355    
   9.60001850       5.41546196E-02   8.81789625E-02  0.354586065      0.253080308    
   9.65001869       5.36536947E-02   8.73633325E-02  0.354130834      0.254852086    
   9.70001888       5.31574041E-02   8.65552425E-02  0.353665709      0.256621659    
   9.75001907       5.26657030E-02   8.57546255E-02  0.353190869      0.258388788    
   9.80001926       5.21785505E-02   8.49614143E-02  0.352706492      0.260153532    
   9.85001945       5.16959056E-02   8.41755420E-02  0.352212697      0.261915892    
   9.90001965       5.12177236E-02   8.33969414E-02  0.351709664      0.263675630    
   9.95001984       5.07439673E-02   8.26255381E-02  0.351197541      0.265433013    
   10.0000200       5.02745919E-02   8.18612725E-02  0.350676507      0.267187625    
   10.0500202       4.98095565E-02   8.11040774E-02  0.350146681      0.268939644    
   10.1000204       4.93488237E-02   8.03538859E-02  0.349608213      0.270689100    
   10.1500206       4.88923527E-02   7.96106309E-02  0.349061251      0.272435725    
   10.2000208       4.84401062E-02   7.88742527E-02  0.348505944      0.274179727    
   10.2500210       4.79920432E-02   7.81446844E-02  0.347942442      0.275920838    
   10.3000212       4.75481227E-02   7.74218664E-02  0.347370893      0.277659148    
   10.3500214       4.71083112E-02   7.67057315E-02  0.346791446      0.279394507    
   10.4000216       4.66725677E-02   7.59962201E-02  0.346204221      0.281126976    
   10.4500217       4.62408550E-02   7.52932727E-02  0.345609337      0.282856554    
   10.5000219       4.58131358E-02   7.45968223E-02  0.345006973      0.284583062    
   10.5500221       4.53893729E-02   7.39068165E-02  0.344397217      0.286306590    
   10.6000223       4.49695289E-02   7.32231960E-02  0.343780249      0.288027018    
   10.6500225       4.45535667E-02   7.25458935E-02  0.343156159      0.289744377    
   10.7000227       4.41414528E-02   7.18748569E-02  0.342525095      0.291458577    
   10.7500229       4.37331498E-02   7.12100267E-02  0.341887176      0.293169677    
   10.8000231       4.33286242E-02   7.05513507E-02  0.341242552      0.294877470    
   10.8500233       4.29278426E-02   6.98987618E-02  0.340591341      0.296582013    
   10.9000235       4.25307676E-02   6.92522153E-02  0.339933664      0.298283368    
   10.9500237       4.21373658E-02   6.86116442E-02  0.339269638      0.299981356    
   11.0000238       4.17476036E-02   6.79769963E-02  0.338599384      0.301675975    
   11.0500240       4.13614437E-02   6.73482195E-02  0.337923020      0.303367287    
   11.1000242       4.09788564E-02   6.67252615E-02  0.337240666      0.305055231    
   11.1500244       4.05998081E-02   6.61080629E-02  0.336552411      0.306739718    
   11.2000246       4.02242653E-02   6.54965788E-02  0.335858405      0.308420777    
   11.2500248       3.98521982E-02   6.48907498E-02  0.335158765      0.310098290    
   11.3000250       3.94835733E-02   6.42905235E-02  0.334453583      0.311772346    
   11.3500252       3.91183570E-02   6.36958480E-02  0.333742976      0.313442826    
   11.4000254       3.87565196E-02   6.31066710E-02  0.333027065      0.315109789    
   11.4500256       3.83980274E-02   6.25229478E-02  0.332305938      0.316773087    
   11.5000257       3.80428508E-02   6.19446225E-02  0.331579715      0.318432838    
   11.5500259       3.76909599E-02   6.13716468E-02  0.330848515      0.320088923    
   11.6000261       3.73423249E-02   6.08039722E-02  0.330112427      0.321741313    
   11.6500263       3.69969159E-02   6.02415465E-02  0.329371542      0.323390037    
   11.7000265       3.66546996E-02   5.96843250E-02  0.328625977      0.325034976    
   11.7500267       3.63156497E-02   5.91322556E-02  0.327875853      0.326676190    
   11.8000269       3.59797366E-02   5.85852936E-02  0.327121228      0.328313738    
   11.8500271       3.56469303E-02   5.80433905E-02  0.326362222      0.329947501    
   11.9000273       3.53172012E-02   5.75065017E-02  0.325598925      0.331577390    
   11.9500275       3.49905230E-02   5.69745786E-02  0.324831456      0.333203405    
   12.0000277       3.46668661E-02   5.64475730E-02  0.324059874      0.334825665    
   12.0500278       3.43462043E-02   5.59254438E-02  0.323284298      0.336444050    
   12.1000280       3.40285078E-02   5.54081425E-02  0.322504818      0.338058531    
   12.1500282       3.37137505E-02   5.48956282E-02  0.321721524      0.339669079    
   12.2000284       3.34019065E-02   5.43878525E-02  0.320934504      0.341275722    
   12.2500286       3.30929458E-02   5.38847744E-02  0.320143849      0.342878431    
   12.3000288       3.27868424E-02   5.33863492E-02  0.319349647      0.344477177    
   12.3500290       3.24835703E-02   5.28925359E-02  0.318551987      0.346071869    
   12.4000292       3.21831033E-02   5.24032898E-02  0.317750931      0.347662687    
   12.4500294       3.18854153E-02   5.19185700E-02  0.316946596      0.349249452    
   12.5000296       3.15904804E-02   5.14383316E-02  0.316139042      0.350832164    
   12.5500298       3.12982760E-02   5.09625375E-02  0.315328360      0.352410793    
   12.6000299       3.10087726E-02   5.04911430E-02  0.314514637      0.353985429    
   12.6500301       3.07219476E-02   5.00241108E-02  0.313697964      0.355555981    
   12.7000303       3.04377750E-02   4.95613962E-02  0.312878400      0.357122451    
   12.7500305       3.01562306E-02   4.91029620E-02  0.312056035      0.358684748    
   12.8000307       2.98772920E-02   4.86487672E-02  0.311230958      0.360242963    
   12.8500309       2.96009332E-02   4.81987745E-02  0.310403228      0.361797094    
   12.9000311       2.93271299E-02   4.77529466E-02  0.309572905      0.363346964    
   12.9500313       2.90558599E-02   4.73112389E-02  0.308740109      0.364892811    
   13.0000315       2.87870988E-02   4.68736179E-02  0.307904869      0.366434425    
   13.0500317       2.85208225E-02   4.64400463E-02  0.307067275      0.367971838    
   13.1000319       2.82570105E-02   4.60104831E-02  0.306227416      0.369505078    
   13.1500320       2.79956385E-02   4.55848947E-02  0.305385351      0.371034086    
   13.2000322       2.77366843E-02   4.51632440E-02  0.304541141      0.372558922    
   13.2500324       2.74801254E-02   4.47454937E-02  0.303694874      0.374079496    
   13.3000326       2.72259396E-02   4.43316065E-02  0.302846581      0.375595897    
   13.3500328       2.69741043E-02   4.39215489E-02  0.301996380      0.377108008    
   13.4000330       2.67245993E-02   4.35152836E-02  0.301144302      0.378615856    
   13.4500332       2.64774021E-02   4.31127734E-02  0.300290406      0.380119443    
   13.5000334       2.62324903E-02   4.27139886E-02  0.299434781      0.381618738    
   13.5500336       2.59898454E-02   4.23188917E-02  0.298577487      0.383113801    
   13.6000338       2.57494450E-02   4.19274494E-02  0.297718585      0.384604514    
   13.6500340       2.55112667E-02   4.15396281E-02  0.296858132      0.386090994    
   13.7000341       2.52752919E-02   4.11553942E-02  0.295996189      0.387573123    
   13.7500343       2.50415001E-02   4.07747142E-02  0.295132846      0.389050931    
   13.8000345       2.48098709E-02   4.03975546E-02  0.294268131      0.390524387    
   13.8500347       2.45803837E-02   4.00238857E-02  0.293402106      0.391993672    
   13.9000349       2.43530199E-02   3.96536738E-02  0.292534828      0.393458486    
   13.9500351       2.41277590E-02   3.92868854E-02  0.291666389      0.394918919    
   14.0000353       2.39045825E-02   3.89234908E-02  0.290796816      0.396375120    
   14.0500355       2.36834697E-02   3.85634564E-02  0.289926142      0.397826940    
   14.1000357       2.34644022E-02   3.82067524E-02  0.289054453      0.399274409    
   14.1500359       2.32473612E-02   3.78533453E-02  0.288181812      0.400717467    
   14.2000360       2.30323281E-02   3.75032090E-02  0.287308246      0.402156264    
   14.2500362       2.28192825E-02   3.71563099E-02  0.286433846      0.403590590    
   14.3000364       2.26082075E-02   3.68126221E-02  0.285558641      0.405020535    
   14.3500366       2.23990865E-02   3.64721119E-02  0.284682661      0.406446189    
   14.4000368       2.21918989E-02   3.61347534E-02  0.283805996      0.407867342    
   14.4500370       2.19866280E-02   3.58005129E-02  0.282928675      0.409284204    
   14.5000372       2.17832550E-02   3.54693644E-02  0.282050759      0.410696656    
   14.5500374       2.15817634E-02   3.51412781E-02  0.281172276      0.412104666    
   14.6000376       2.13821363E-02   3.48162279E-02  0.280293286      0.413508356    
   14.6500378       2.11843550E-02   3.44941840E-02  0.279413849      0.414907664    
   14.7000380       2.09884029E-02   3.41751203E-02  0.278533995      0.416302502    
   14.7500381       2.07942650E-02   3.38590071E-02  0.277653784      0.417692930    
   14.8000383       2.06019226E-02   3.35458182E-02  0.276773244      0.419079036    
   14.8500385       2.04113591E-02   3.32355238E-02  0.275892437      0.420460641    
   14.9000387       2.02225577E-02   3.29281017E-02  0.275011390      0.421837956    
   14.9500389       2.00355034E-02   3.26235220E-02  0.274130166      0.423210800    
   15.0000391       1.98501796E-02   3.23217623E-02  0.273248792      0.424579263    
   15.0500393       1.96665693E-02   3.20227928E-02  0.272367328      0.425943345    
   15.1000395       1.94846578E-02   3.17265876E-02  0.271485806      0.427302957    
   15.1500397       1.93044282E-02   3.14331241E-02  0.270604283      0.428658158    
   15.2000399       1.91258658E-02   3.11423726E-02  0.269722790      0.430008978    
   15.2500401       1.89489555E-02   3.08543108E-02  0.268841356      0.431355387    
   15.3000402       1.87736806E-02   3.05689145E-02  0.267960012      0.432697415    
   15.3500404       1.86000280E-02   3.02861575E-02  0.267078817      0.434035003    
   15.4000406       1.84279811E-02   3.00060157E-02  0.266197801      0.435368240    
   15.4500408       1.82575248E-02   2.97284648E-02  0.265317023      0.436697006    
   15.5000410       1.80886462E-02   2.94534825E-02  0.264436513      0.438021392    
   15.5500412       1.79213304E-02   2.91810427E-02  0.263556302      0.439341307    
   15.6000414       1.77555606E-02   2.89111231E-02  0.262676418      0.440656900    
   15.6500416       1.75913256E-02   2.86437012E-02  0.261796892      0.441968083    
   15.7000418       1.74286086E-02   2.83787530E-02  0.260917783      0.443274856    
   15.7500420       1.72673967E-02   2.81162541E-02  0.260039091      0.444577277    
   15.8000422       1.71076767E-02   2.78561842E-02  0.259160876      0.445875287    
   15.8500423       1.69494338E-02   2.75985189E-02  0.258283168      0.447168916    
   15.9000425       1.67926550E-02   2.73432378E-02  0.257405996      0.448458135    
   15.9500427       1.66373253E-02   2.70903185E-02  0.256529421      0.449742943    
   16.0000420       1.64834335E-02   2.68397387E-02  0.255653441      0.451023400    
   16.0500412       1.63309649E-02   2.65914761E-02  0.254778087      0.452299476    
   16.1000404       1.61799062E-02   2.63455100E-02  0.253903419      0.453571171    
   16.1500397       1.60302445E-02   2.61018183E-02  0.253029436      0.454838485    
   16.2000389       1.58819687E-02   2.58603804E-02  0.252156198      0.456101477    
   16.2500381       1.57350637E-02   2.56211776E-02  0.251283705      0.457360029    
   16.3000374       1.55895175E-02   2.53841858E-02  0.250412017      0.458614260    
   16.3500366       1.54453171E-02   2.51493864E-02  0.249541134      0.459864169    
   16.4000359       1.53024504E-02   2.49167588E-02  0.248671100      0.461109638    
   16.4500351       1.51609052E-02   2.46862844E-02  0.247801945      0.462350845    
   16.5000343       1.50206694E-02   2.44579408E-02  0.246933684      0.463587701    
   16.5500336       1.48817310E-02   2.42317095E-02  0.246066347      0.464820206    
   16.6000328       1.47440778E-02   2.40075700E-02  0.245199978      0.466048360    
   16.6500320       1.46076977E-02   2.37855036E-02  0.244334593      0.467272222    
   16.7000313       1.44725796E-02   2.35654917E-02  0.243470207      0.468491733    
   16.7500305       1.43387113E-02   2.33475156E-02  0.242606863      0.469706893    
   16.8000298       1.42060807E-02   2.31315549E-02  0.241744578      0.470917821    
   16.8500290       1.40746767E-02   2.29175929E-02  0.240883380      0.472124368    
   16.9000282       1.39444880E-02   2.27056090E-02  0.240023285      0.473326594    
   16.9500275       1.38155045E-02   2.24955864E-02  0.239164323      0.474524587    
   17.0000267       1.36877140E-02   2.22875066E-02  0.238306522      0.475718260    
   17.0500259       1.35611054E-02   2.20813509E-02  0.237449899      0.476907611    
   17.1000252       1.34356674E-02   2.18771026E-02  0.236594468      0.478092760    
   17.1500244       1.33113898E-02   2.16747429E-02  0.235740274      0.479273587    
   17.2000237       1.31882615E-02   2.14742552E-02  0.234887317      0.480450213    
   17.2500229       1.30662723E-02   2.12756228E-02  0.234035626      0.481622458    
   17.3000221       1.29454117E-02   2.10788269E-02  0.233185232      0.482790530    
   17.3500214       1.28256688E-02   2.08838508E-02  0.232336149      0.483954310    
   17.4000206       1.27070341E-02   2.06906796E-02  0.231488392      0.485113859    
   17.4500198       1.25894966E-02   2.04992946E-02  0.230641991      0.486269206    
   17.5000191       1.24730458E-02   2.03096792E-02  0.229796961      0.487420321    
   17.5500183       1.23576727E-02   2.01218184E-02  0.228953317      0.488567233    
   17.6000175       1.22433668E-02   1.99356955E-02  0.228111088      0.489709854    
   17.6500168       1.21301180E-02   1.97512936E-02  0.227270290      0.490848243    
   17.7000160       1.20179169E-02   1.95685979E-02  0.226430938      0.491982520    
   17.7500153       1.19067533E-02   1.93875916E-02  0.225593045      0.493112624    
   17.8000145       1.17966179E-02   1.92082599E-02  0.224756643      0.494238496    
   17.8500137       1.16875013E-02   1.90305877E-02  0.223921731      0.495360196    
   17.9000130       1.15793943E-02   1.88545585E-02  0.223088339      0.496477723    
   17.9500122       1.14722867E-02   1.86801571E-02  0.222256482      0.497591078    
   18.0000114       1.13661699E-02   1.85073689E-02  0.221426174      0.498700261    
   18.0500107       1.12610348E-02   1.83361787E-02  0.220597446      0.499805331    
   18.1000099       1.11568719E-02   1.81665719E-02  0.219770297      0.500906229    
   18.1500092       1.10536730E-02   1.79985352E-02  0.218944743      0.502003074    
   18.2000084       1.09514287E-02   1.78320520E-02  0.218120813      0.503095746    
   18.2500076       1.08501296E-02   1.76671091E-02  0.217298508      0.504184246    
   18.3000069       1.07497675E-02   1.75036918E-02  0.216477841      0.505268693    
   18.3500061       1.06503339E-02   1.73417851E-02  0.215658844      0.506349027    
   18.4000053       1.05518205E-02   1.71813760E-02  0.214841515      0.507425308    
   18.4500046       1.04542179E-02   1.70224514E-02  0.214025870      0.508497477    
   18.5000038       1.03575187E-02   1.68649964E-02  0.213211924      0.509565592    
   18.5500031       1.02617135E-02   1.67089980E-02  0.212399691      0.510629654    
   18.6000023       1.01667941E-02   1.65544432E-02  0.211589187      0.511689663    
   18.6500015       1.00727528E-02   1.64013170E-02  0.210780427      0.512745500    
   18.7000008       9.97958146E-03   1.62496082E-02  0.209973425      0.513797402    
   18.7500000       9.88727249E-03   1.60993021E-02  0.209168181      0.514845252    
   18.7999992       9.79581662E-03   1.59503873E-02  0.208364725      0.515889049    
   18.8499985       9.70520731E-03   1.58028491E-02  0.207563058      0.516928911    
   18.8999977       9.61543620E-03   1.56566761E-02  0.206763193      0.517964721    
   18.9499969       9.52649489E-03   1.55118546E-02  0.205965132      0.518996477    
   18.9999962       9.43837687E-03   1.53683731E-02  0.205168903      0.520024300    
   19.0499954       9.35107376E-03   1.52262188E-02  0.204374507      0.521048188    
   19.0999947       9.26457811E-03   1.50853796E-02  0.203581959      0.522068024    
   19.1499939       9.17888246E-03   1.49458423E-02  0.202791259      0.523083985    
   19.1999931       9.09397937E-03   1.48075959E-02  0.202002421      0.524096012    
   19.2499924       9.00986139E-03   1.46706281E-02  0.201215461      0.525104105    
   19.2999916       8.92652199E-03   1.45349279E-02  0.200430393      0.526108146    
   19.3499908       8.84395372E-03   1.44004822E-02  0.199647218      0.527108312    
   19.3999901       8.76214914E-03   1.42672807E-02  0.198865935      0.528104663    
   19.4499893       8.68110079E-03   1.41353114E-02  0.198086575      0.529097021    
   19.4999886       8.60080216E-03   1.40045621E-02  0.197309136      0.530085444    
   19.5499878       8.52124672E-03   1.38750225E-02  0.196533620      0.531070113    
   19.5999870       8.44242703E-03   1.37466816E-02  0.195760041      0.532050848    
   19.6499863       8.36433657E-03   1.36195272E-02  0.194988415      0.533027709    
   19.6999855       8.28696787E-03   1.34935491E-02  0.194218740      0.534000754    
   19.7499847       8.21031537E-03   1.33687360E-02  0.193451032      0.534969926    
   19.7999840       8.13437160E-03   1.32450778E-02  0.192685291      0.535935223    
   19.8499832       8.05913005E-03   1.31225633E-02  0.191921532      0.536896765    
   19.8999825       7.98458420E-03   1.30011821E-02  0.191159755      0.537854433    
   19.9499817       7.91072845E-03   1.28809232E-02  0.190399975      0.538808346    
   19.9999809       7.83755537E-03   1.27617773E-02  0.189642191      0.539758503    
   20.0499802       7.76505936E-03   1.26437331E-02  0.188886404      0.540704787    
   20.0999794       7.69323390E-03   1.25267813E-02  0.188132629      0.541647315    
   20.1499786       7.62207294E-03   1.24109108E-02  0.187380880      0.542586088    
   20.1999779       7.55156996E-03   1.22961123E-02  0.186631158      0.543521166    
   20.2499771       7.48171937E-03   1.21823754E-02  0.185883462      0.544452488    
   20.2999763       7.41251465E-03   1.20696910E-02  0.185137793      0.545379996    
   20.3499756       7.34395022E-03   1.19580487E-02  0.184394166      0.546303809    
   20.3999748       7.27602001E-03   1.18474392E-02  0.183652595      0.547223985    
   20.4499741       7.20871799E-03   1.17378524E-02  0.182913065      0.548140407    
   20.4999733       7.14203855E-03   1.16292797E-02  0.182175592      0.549053073    
   20.5499725       7.07597611E-03   1.15217110E-02  0.181440189      0.549962163    
   20.5999718       7.01052463E-03   1.14151370E-02  0.180706844      0.550867498    
   20.6499710       6.94567850E-03   1.13095492E-02  0.179975569      0.551769197    
   20.6999702       6.88143214E-03   1.12049384E-02  0.179246366      0.552667260    
   20.7499695       6.81778044E-03   1.11012943E-02  0.178519249      0.553561687    
   20.7999687       6.75471732E-03   1.09986095E-02  0.177794218      0.554452479    
   20.8499680       6.69223722E-03   1.08968746E-02  0.177071273      0.555339634    
   20.8999672       6.63033547E-03   1.07960803E-02  0.176350415      0.556223154    
   20.9499664       6.56900601E-03   1.06962183E-02  0.175631657      0.557103097    
   20.9999657       6.50824374E-03   1.05972802E-02  0.174914986      0.557979465    
   21.0499649       6.44804351E-03   1.04992576E-02  0.174200416      0.558852315    
   21.0999641       6.38840022E-03   1.04021411E-02  0.173487961      0.559721470    
   21.1499634       6.32930873E-03   1.03059234E-02  0.172777608      0.560587168    
   21.1999626       6.27076393E-03   1.02105951E-02  0.172069371      0.561449289    
   21.2499619       6.21276069E-03   1.01161487E-02  0.171363235      0.562307835    
   21.2999611       6.15529390E-03   1.00225760E-02  0.170659214      0.563162923    
   21.3499603       6.09835843E-03   9.92986932E-03  0.169957310      0.564014435    
   21.3999596       6.04194961E-03   9.83801950E-03  0.169257537      0.564862490    
   21.4499588       5.98606281E-03   9.74701997E-03  0.168559879      0.565707088    
   21.4999580       5.93069289E-03   9.65686142E-03  0.167864352      0.566548109    
   21.5499573       5.87583520E-03   9.56753734E-03  0.167170942      0.567385674    
   21.5999565       5.82148461E-03   9.47903935E-03  0.166479662      0.568219841    
   21.6499557       5.76763693E-03   9.39135998E-03  0.165790513      0.569050491    
   21.6999550       5.71428752E-03   9.30449180E-03  0.165103495      0.569877744    
   21.7499542       5.66143123E-03   9.21842735E-03  0.164418608      0.570701480    
   21.7999535       5.60906390E-03   9.13315825E-03  0.163735852      0.571521938    
   21.8499527       5.55718131E-03   9.04867798E-03  0.163055241      0.572338879    
   21.8999519       5.50577836E-03   8.96497909E-03  0.162376761      0.573152483    
   21.9499512       5.45485085E-03   8.88205506E-03  0.161700428      0.573962688    
   21.9999504       5.40439459E-03   8.79989751E-03  0.161026224      0.574769437    
   22.0499496       5.35440492E-03   8.71849991E-03  0.160354167      0.575572968    
   22.0999489       5.30487765E-03   8.63785576E-03  0.159684241      0.576373041    
   22.1499481       5.25580859E-03   8.55795760E-03  0.159016460      0.577169776    
   22.1999474       5.20719355E-03   8.47879797E-03  0.158350810      0.577963173    
   22.2499466       5.15902787E-03   8.40037037E-03  0.157687306      0.578753293    
   22.2999458       5.11130784E-03   8.32266826E-03  0.157025948      0.579540074    
   22.3499451       5.06402925E-03   8.24568514E-03  0.156366736      0.580323577    
   22.3999443       5.01718791E-03   8.16941448E-03  0.155709654      0.581103802    
   22.4499435       4.97077964E-03   8.09384882E-03  0.155054718      0.581880689    
   22.4999428       4.92480071E-03   8.01898260E-03  0.154401928      0.582654357    
   22.5499420       4.87924740E-03   7.94480834E-03  0.153751269      0.583424687    
   22.5999413       4.83411504E-03   7.87132047E-03  0.153102756      0.584191799    
   22.6499405       4.78940038E-03   7.79851200E-03  0.152456388      0.584955692    
   22.6999397       4.74509923E-03   7.72637734E-03  0.151812151      0.585716367    
   22.7499390       4.70120786E-03   7.65490998E-03  0.151170060      0.586473823    
   22.7999382       4.65772254E-03   7.58410338E-03  0.150530100      0.587228060    
   22.8499374       4.61463956E-03   7.51395198E-03  0.149892285      0.587979138    
   22.8999367       4.57195519E-03   7.44444923E-03  0.149256602      0.588726997    
   22.9499359       4.52966522E-03   7.37558957E-03  0.148623049      0.589471698    
   22.9999352       4.48776688E-03   7.30736693E-03  0.147991627      0.590213299    
   23.0499344       4.44625597E-03   7.23977527E-03  0.147362351      0.590951622    
   23.0999336       4.40512877E-03   7.17280852E-03  0.146735206      0.591686845    
   23.1499329       4.36438201E-03   7.10646156E-03  0.146110192      0.592418969    
   23.1999321       4.32401244E-03   7.04072788E-03  0.145487309      0.593147933    
   23.2499313       4.28401632E-03   6.97560236E-03  0.144866541      0.593873858    
   23.2999306       4.24438994E-03   6.91107940E-03  0.144247904      0.594596624    
   23.3499298       4.20513004E-03   6.84715342E-03  0.143631399      0.595316350    
   23.3999290       4.16623335E-03   6.78381836E-03  0.143017009      0.596032917    
   23.4499283       4.12769662E-03   6.72106910E-03  0.142404735      0.596746504    
   23.4999275       4.08951612E-03   6.65890053E-03  0.141794592      0.597456932    
   23.5499268       4.05168906E-03   6.59730705E-03  0.141186565      0.598164439    
   23.5999260       4.01421171E-03   6.53628306E-03  0.140580654      0.598868847    
   23.6499252       3.97708081E-03   6.47582347E-03  0.139976844      0.599570274    
   23.6999245       3.94029357E-03   6.41592313E-03  0.139375150      0.600268662    
   23.7499237       3.90384649E-03   6.35657692E-03  0.138775572      0.600963950    
   23.7999229       3.86773655E-03   6.29777974E-03  0.138178095      0.601656377    
   23.8499222       3.83196073E-03   6.23952644E-03  0.137582719      0.602345765    
   23.8999214       3.79651575E-03   6.18181191E-03  0.136989444      0.603032231    
   23.9499207       3.76139861E-03   6.12463150E-03  0.136398271      0.603715718    
   23.9999199       3.72660626E-03   6.06797962E-03  0.135809198      0.604396224    
   24.0499191       3.69213591E-03   6.01185206E-03  0.135222211      0.605073810    
   24.0999184       3.65798431E-03   5.95624372E-03  0.134637326      0.605748415    
   24.1499176       3.62414867E-03   5.90114947E-03  0.134054527      0.606420159    
   24.1999168       3.59062594E-03   5.84656512E-03  0.133473814      0.607088983    
   24.2499161       3.55741335E-03   5.79248555E-03  0.132895187      0.607754946    
   24.2999153       3.52450786E-03   5.73890610E-03  0.132318631      0.608417988    
   24.3499146       3.49190691E-03   5.68582211E-03  0.131744161      0.609078169    
   24.3999138       3.45960748E-03   5.63322939E-03  0.131171763      0.609735370    
   24.4499130       3.42760677E-03   5.58112329E-03  0.130601436      0.610389829    
   24.4999123       3.39590199E-03   5.52949915E-03  0.130033180      0.611041367    
   24.5499115       3.36449058E-03   5.47835231E-03  0.129466996      0.611690164    
   24.5999107       3.33336974E-03   5.42767858E-03  0.128902867      0.612336099    
   24.6499100       3.30253667E-03   5.37747378E-03  0.128340796      0.612979233    
   24.6999092       3.27198883E-03   5.32773323E-03  0.127780780      0.613619447    
   24.7499084       3.24172364E-03   5.27845277E-03  0.127222821      0.614256978    
   24.7999077       3.21173831E-03   5.22962818E-03  0.126666903      0.614891708    
   24.8499069       3.18203028E-03   5.18125528E-03  0.126113042      0.615523636    
   24.8999062       3.15259723E-03   5.13332943E-03  0.125561222      0.616152823    
   24.9499054       3.12343636E-03   5.08584687E-03  0.125011429      0.616779268    
   24.9999046       3.09454510E-03   5.03880391E-03  0.124463677      0.617402971    
