  -1.5000000e-02   1.1770000e+03
  -1.4700000e-02   1.1540000e+03
  -1.4400000e-02   1.1610000e+03
  -1.4100000e-02   1.1160000e+03
  -1.3800000e-02   1.1520000e+03
  -1.3500000e-02   1.1710000e+03
  -1.3200000e-02   1.1400000e+03
  -1.2900000e-02   1.1520000e+03
  -1.2600000e-02   1.1500000e+03
  -1.2300000e-02   1.1660000e+03
  -1.2000000e-02   1.1820000e+03
  -1.1700000e-02   1.2000000e+03
  -1.1400000e-02   1.1780000e+03
  -1.1100000e-02   1.0290000e+03
  -1.0800000e-02   1.1640000e+03
  -1.0500000e-02   1.1320000e+03
  -1.0200000e-02   1.1470000e+03
  -9.9000000e-03   1.0840000e+03
  -9.6000000e-03   1.1910000e+03
  -9.3000000e-03   1.1030000e+03
  -9.0000000e-03   1.1550000e+03
  -8.7000000e-03   1.1460000e+03
  -8.4000000e-03   1.1290000e+03
  -8.1000000e-03   1.1310000e+03
  -7.8000000e-03   1.1300000e+03
  -7.5000000e-03   1.1630000e+03
  -7.2000000e-03   1.1440000e+03
  -6.9000000e-03   1.1730000e+03
  -6.6000000e-03   1.1410000e+03
  -6.3000000e-03   1.1450000e+03
  -6.0000000e-03   1.2260000e+03
  -5.7000000e-03   1.1180000e+03
  -5.4000000e-03   1.1300000e+03
  -5.1000000e-03   1.1120000e+03
  -4.8000000e-03   1.2030000e+03
  -4.5000000e-03   1.1860000e+03
  -4.2000000e-03   1.1350000e+03
  -3.9000000e-03   1.1610000e+03
  -3.6000000e-03   1.1770000e+03
  -3.3000000e-03   1.1310000e+03
  -3.0000000e-03   1.0750000e+03
  -2.7000000e-03   1.1810000e+03
  -2.4000000e-03   1.1290000e+03
  -2.1000000e-03   1.1630000e+03
  -1.8000000e-03   1.1350000e+03
  -1.5000000e-03   1.0670000e+03
  -1.2000000e-03   1.1520000e+03
  -9.0000000e-04   1.1410000e+03
  -6.0000000e-04   1.1260000e+03
  -3.0000000e-04   1.1590000e+03
   3.0000000e-04   2.4070000e+03
   6.0000000e-04   2.6420000e+03
   9.0000000e-04   2.7120000e+03
   1.2000000e-03   2.6680000e+03
   1.5000000e-03   2.7150000e+03
   1.8000000e-03   2.6610000e+03
   2.1000000e-03   2.7140000e+03
   2.4000000e-03   2.7340000e+03
   2.7000000e-03   2.6830000e+03
   3.0000000e-03   2.6030000e+03
   3.3000000e-03   2.6310000e+03
   3.6000000e-03   2.5750000e+03
   3.9000000e-03   2.5210000e+03
   4.2000000e-03   2.4690000e+03
   4.5000000e-03   2.5940000e+03
   4.8000000e-03   2.4870000e+03
   5.1000000e-03   2.4170000e+03
   5.4000000e-03   2.4390000e+03
   5.7000000e-03   2.3420000e+03
   6.0000000e-03   2.4400000e+03
   6.3000000e-03   2.2530000e+03
   6.6000000e-03   2.2250000e+03
   6.9000000e-03   2.2650000e+03
   7.2000000e-03   2.2440000e+03
   7.5000000e-03   2.3120000e+03
   7.8000000e-03   2.1800000e+03
   8.1000000e-03   2.2030000e+03
   8.4000000e-03   2.1310000e+03
   8.7000000e-03   2.1670000e+03
   9.0000000e-03   2.1120000e+03
   9.3000000e-03   2.0290000e+03
   9.6000000e-03   1.9880000e+03
   9.9000000e-03   2.1160000e+03
   1.0200000e-02   2.0780000e+03
   1.0500000e-02   1.9950000e+03
   1.0800000e-02   1.9350000e+03
   1.1100000e-02   1.9200000e+03
   1.1400000e-02   1.8810000e+03
   1.1700000e-02   1.9650000e+03
   1.2000000e-02   1.9590000e+03
   1.2300000e-02   1.7870000e+03
   1.2600000e-02   1.8660000e+03
   1.2900000e-02   1.7830000e+03
   1.3200000e-02   1.7810000e+03
   1.3500000e-02   1.9110000e+03
   1.3800000e-02   1.8370000e+03
   1.4100000e-02   1.8900000e+03
   1.4400000e-02   1.7410000e+03
   1.4700000e-02   1.7490000e+03
   1.5000000e-02   1.6910000e+03
   1.5300000e-02   1.6820000e+03
   1.5600000e-02   1.7210000e+03
   1.5900000e-02   1.6630000e+03
   1.6200000e-02   1.6560000e+03
   1.6500000e-02   1.6870000e+03
   1.6800000e-02   1.6550000e+03
   1.7100000e-02   1.6320000e+03
   1.7400000e-02   1.6050000e+03
   1.7700000e-02   1.5920000e+03
   1.8000000e-02   1.6480000e+03
   1.8300000e-02   1.6360000e+03
   1.8600000e-02   1.6030000e+03
   1.8900000e-02   1.6430000e+03
   1.9200000e-02   1.6210000e+03
   1.9500000e-02   1.5520000e+03
   1.9800000e-02   1.5170000e+03
   2.0100000e-02   1.5190000e+03
   2.0400000e-02   1.5570000e+03
   2.0700000e-02   1.4350000e+03
   2.1000000e-02   1.5450000e+03
   2.1300000e-02   1.5930000e+03
   2.1600000e-02   1.5000000e+03
   2.1900000e-02   1.5110000e+03
   2.2200000e-02   1.4750000e+03
   2.2500000e-02   1.5680000e+03
   2.2800000e-02   1.4820000e+03
   2.3100000e-02   1.5570000e+03
   2.3400000e-02   1.4430000e+03
   2.3700000e-02   1.5270000e+03
   2.4000000e-02   1.4760000e+03
   2.4300000e-02   1.4370000e+03
   2.4600000e-02   1.5030000e+03
   2.4900000e-02   1.4410000e+03
   2.5200000e-02   1.4570000e+03
   2.5500000e-02   1.4420000e+03
   2.5800000e-02   1.4130000e+03
   2.6100000e-02   1.3390000e+03
   2.6400000e-02   1.3870000e+03
   2.6700000e-02   1.3960000e+03
   2.7000000e-02   1.5030000e+03
   2.7300000e-02   1.3950000e+03
   2.7600000e-02   1.4120000e+03
   2.7900000e-02   1.3920000e+03
   2.8200000e-02   1.3780000e+03
   2.8500000e-02   1.4240000e+03
   2.8800000e-02   1.4190000e+03
   2.9100000e-02   1.4230000e+03
   2.9400000e-02   1.4020000e+03
   2.9700000e-02   1.4310000e+03
   3.0000000e-02   1.3250000e+03
   3.0300000e-02   1.3710000e+03
   3.0600000e-02   1.3160000e+03
   3.0900000e-02   1.3500000e+03
   3.1200000e-02   1.3140000e+03
   3.1500000e-02   1.4010000e+03
   3.1800000e-02   1.3570000e+03
   3.2100000e-02   1.3170000e+03
   3.2400000e-02   1.3090000e+03
   3.2700000e-02   1.3640000e+03
   3.3000000e-02   1.3690000e+03
   3.3300000e-02   1.3360000e+03
   3.3600000e-02   1.3640000e+03
   3.3900000e-02   1.3670000e+03
   3.4200000e-02   1.2910000e+03
   3.4500000e-02   1.3060000e+03
   3.4800000e-02   1.2550000e+03
   3.5100000e-02   1.2500000e+03
   3.5400000e-02   1.3280000e+03
   3.5700000e-02   1.3100000e+03
   3.6000000e-02   1.3000000e+03
   3.6300000e-02   1.2420000e+03
   3.6600000e-02   1.2840000e+03
   3.6900000e-02   1.2960000e+03
   3.7200000e-02   1.2920000e+03
   3.7500000e-02   1.3390000e+03
   3.7800000e-02   1.3380000e+03
   3.8100000e-02   1.3550000e+03
   3.8400000e-02   1.2560000e+03
   3.8700000e-02   1.2650000e+03
   3.9000000e-02   1.2480000e+03
   3.9300000e-02   1.3110000e+03
   3.9600000e-02   1.3230000e+03
   3.9900000e-02   1.1970000e+03
   4.0200000e-02   1.3040000e+03
   4.0500000e-02   1.2530000e+03
   4.0800000e-02   1.3030000e+03
   4.1100000e-02   1.2310000e+03
   4.1400000e-02   1.3230000e+03
   4.1700000e-02   1.2780000e+03
   4.2000000e-02   1.2740000e+03
   4.2300000e-02   1.2410000e+03
   4.2600000e-02   1.2420000e+03
   4.2900000e-02   1.2460000e+03
   4.3200000e-02   1.2400000e+03
   4.3500000e-02   1.2380000e+03
   4.3800000e-02   1.2920000e+03
   4.4100000e-02   1.1860000e+03
   4.4400000e-02   1.2770000e+03
   4.4700000e-02   1.2490000e+03
   4.5000000e-02   1.2450000e+03
   4.5300000e-02   1.2410000e+03
   4.5600000e-02   1.2360000e+03
   4.5900000e-02   1.2580000e+03
   4.6200000e-02   1.2070000e+03
   4.6500000e-02   1.2150000e+03
   4.6800000e-02   1.2470000e+03
   4.7100000e-02   1.2800000e+03
   4.7400000e-02   1.2260000e+03
   4.7700000e-02   1.2620000e+03
   4.8000000e-02   1.2410000e+03
   4.8300000e-02   1.1970000e+03
   4.8600000e-02   1.2410000e+03
   4.8900000e-02   1.2130000e+03
   4.9200000e-02   1.1880000e+03
   4.9500000e-02   1.2170000e+03
   4.9800000e-02   1.2260000e+03
   5.0100000e-02   1.2290000e+03
   5.0400000e-02   1.1770000e+03
   5.0700000e-02   1.2270000e+03
   5.1000000e-02   1.1700000e+03
   5.1300000e-02   1.2650000e+03
   5.1600000e-02   1.1990000e+03
   5.1900000e-02   1.1640000e+03
   5.2200000e-02   1.2140000e+03
   5.2500000e-02   1.2300000e+03
   5.2800000e-02   1.1930000e+03
   5.3100000e-02   1.2450000e+03
   5.3400000e-02   1.2460000e+03
   5.3700000e-02   1.3030000e+03
   5.4000000e-02   1.1690000e+03
   5.4300000e-02   1.1360000e+03
   5.4600000e-02   1.1870000e+03
   5.4900000e-02   1.2330000e+03
   5.5200000e-02   1.2720000e+03
   5.5500000e-02   1.1900000e+03
   5.5800000e-02   1.2570000e+03
   5.6100000e-02   1.1980000e+03
   5.6400000e-02   1.1900000e+03
   5.6700000e-02   1.2090000e+03
   5.7000000e-02   1.2240000e+03
   5.7300000e-02   1.1830000e+03
   5.7600000e-02   1.2270000e+03
   5.7900000e-02   1.2120000e+03
   5.8200000e-02   1.2030000e+03
   5.8500000e-02   1.1540000e+03
   5.8800000e-02   1.1900000e+03
   5.9100000e-02   1.2540000e+03
   5.9400000e-02   1.1940000e+03
   5.9700000e-02   1.2740000e+03
   6.0000000e-02   1.2210000e+03
   6.0300000e-02   1.1760000e+03
   6.0600000e-02   1.2350000e+03
   6.0900000e-02   1.1400000e+03
   6.1200000e-02   1.2330000e+03
   6.1500000e-02   1.1980000e+03
   6.1800000e-02   1.1390000e+03
   6.2100000e-02   1.2230000e+03
   6.2400000e-02   1.1720000e+03
   6.2700000e-02   1.2080000e+03
   6.3000000e-02   1.2360000e+03
   6.3300000e-02   1.2790000e+03
   6.3600000e-02   1.2640000e+03
   6.3900000e-02   1.1680000e+03
   6.4200000e-02   1.2000000e+03
   6.4500000e-02   1.1480000e+03
   6.4800000e-02   1.1480000e+03
   6.5100000e-02   1.2480000e+03
   6.5400000e-02   1.1840000e+03
   6.5700000e-02   1.2160000e+03
   6.6000000e-02   1.1970000e+03
   6.6300000e-02   1.2130000e+03
   6.6600000e-02   1.1550000e+03
   6.6900000e-02   1.2320000e+03
   6.7200000e-02   1.2040000e+03
   6.7500000e-02   1.2170000e+03
   6.7800000e-02   1.2190000e+03
   6.8100000e-02   1.1810000e+03
   6.8400000e-02   1.1520000e+03
   6.8700000e-02   1.2280000e+03
   6.9000000e-02   1.1680000e+03
   6.9300000e-02   1.1890000e+03
   6.9600000e-02   1.1490000e+03
   6.9900000e-02   1.1480000e+03
   7.0200000e-02   1.2380000e+03
   7.0500000e-02   1.1920000e+03
   7.0800000e-02   1.1960000e+03
   7.1100000e-02   1.1760000e+03
   7.1400000e-02   1.2550000e+03
   7.1700000e-02   1.1410000e+03
   7.2000000e-02   1.1870000e+03
   7.2300000e-02   1.2260000e+03
   7.2600000e-02   1.1860000e+03
   7.2900000e-02   1.1450000e+03
   7.3200000e-02   1.1180000e+03
   7.3500000e-02   1.2320000e+03
   7.3800000e-02   1.1820000e+03
   7.4100000e-02   1.1510000e+03
   7.4400000e-02   1.1700000e+03
   7.4700000e-02   1.1630000e+03
   7.5000000e-02   1.1890000e+03
   7.5300000e-02   1.1930000e+03
   7.5600000e-02   1.1850000e+03
   7.5900000e-02   1.1710000e+03
   7.6200000e-02   1.2020000e+03
   7.6500000e-02   1.1740000e+03
   7.6800000e-02   1.1960000e+03
   7.7100000e-02   1.1930000e+03
   7.7400000e-02   1.2270000e+03
   7.7700000e-02   1.2000000e+03
   7.8000000e-02   1.2080000e+03
   7.8300000e-02   1.1260000e+03
   7.8600000e-02   1.1440000e+03
   7.8900000e-02   1.1960000e+03
   7.9200000e-02   1.1260000e+03
   7.9500000e-02   1.1170000e+03
   7.9800000e-02   1.1910000e+03
   8.0100000e-02   1.2150000e+03
   8.0400000e-02   1.1650000e+03
   8.0700000e-02   1.2130000e+03
   8.1000000e-02   1.1780000e+03
   8.1300000e-02   1.2150000e+03
   8.1600000e-02   1.1440000e+03
   8.1900000e-02   1.1570000e+03
   8.2200000e-02   1.1890000e+03
   8.2500000e-02   1.1540000e+03
   8.2800000e-02   1.1680000e+03
   8.3100000e-02   1.2030000e+03
   8.3400000e-02   1.2010000e+03
   8.3700000e-02   1.1430000e+03
   8.4000000e-02   1.1470000e+03
   8.4300000e-02   1.1860000e+03
   8.4600000e-02   1.1980000e+03
   8.4900000e-02   1.1980000e+03
   8.5200000e-02   1.1630000e+03
   8.5500000e-02   1.1460000e+03
   8.5800000e-02   1.1350000e+03
   8.6100000e-02   1.1950000e+03
   8.6400000e-02   1.2010000e+03
   8.6700000e-02   1.1760000e+03
   8.7000000e-02   1.1700000e+03
   8.7300000e-02   1.2110000e+03
   8.7600000e-02   1.1450000e+03
   8.7900000e-02   1.1770000e+03
   8.8200000e-02   1.1280000e+03
   8.8500000e-02   1.2420000e+03
   8.8800000e-02   1.1460000e+03
   8.9100000e-02   1.2090000e+03
   8.9400000e-02   1.1500000e+03
   8.9700000e-02   1.1050000e+03
   9.0000000e-02   1.1510000e+03
   9.0300000e-02   1.1550000e+03
   9.0600000e-02   1.1670000e+03
   9.0900000e-02   1.1750000e+03
   9.1200000e-02   1.1360000e+03
   9.1500000e-02   1.1800000e+03
   9.1800000e-02   1.1580000e+03
   9.2100000e-02   1.1650000e+03
   9.2400000e-02   1.1460000e+03
   9.2700000e-02   1.1410000e+03
   9.3000000e-02   1.2070000e+03
   9.3300000e-02   1.2150000e+03
   9.3600000e-02   1.2160000e+03
   9.3900000e-02   1.1580000e+03
   9.4200000e-02   1.1200000e+03
   9.4500000e-02   1.1910000e+03
   9.4800000e-02   1.1520000e+03
   9.5100000e-02   1.1060000e+03
   9.5400000e-02   1.1810000e+03
   9.5700000e-02   1.2000000e+03
   9.6000000e-02   1.1690000e+03
   9.6300000e-02   1.1130000e+03
   9.6600000e-02   1.1280000e+03
   9.6900000e-02   1.1800000e+03
   9.7200000e-02   1.2010000e+03
   9.7500000e-02   1.1860000e+03
   9.7800000e-02   1.1320000e+03
   9.8100000e-02   1.2180000e+03
   9.8400000e-02   1.2160000e+03
   9.8700000e-02   1.1110000e+03
   9.9000000e-02   1.2430000e+03
   9.9300000e-02   1.2660000e+03
   9.9600000e-02   1.2090000e+03
   9.9900000e-02   1.2350000e+03
   1.0020000e-01   1.1680000e+03
   1.0050000e-01   1.1450000e+03
   1.0080000e-01   1.1520000e+03
   1.0110000e-01   1.1840000e+03
   1.0140000e-01   1.1860000e+03
   1.0170000e-01   1.1690000e+03
   1.0200000e-01   1.1100000e+03
   1.0230000e-01   1.1780000e+03
   1.0260000e-01   1.1910000e+03
   1.0290000e-01   1.1530000e+03
   1.0320000e-01   1.1910000e+03
   1.0350000e-01   1.1120000e+03
   1.0380000e-01   1.1500000e+03
   1.0410000e-01   1.1390000e+03
   1.0440000e-01   1.1530000e+03
   1.0470000e-01   1.1550000e+03
   1.0500000e-01   1.1670000e+03
   1.0530000e-01   1.0830000e+03
   1.0560000e-01   1.1420000e+03
   1.0590000e-01   1.0770000e+03
   1.0620000e-01   1.1130000e+03
   1.0650000e-01   1.1990000e+03
   1.0680000e-01   1.2020000e+03
   1.0710000e-01   1.1320000e+03
   1.0740000e-01   1.1420000e+03
   1.0770000e-01   1.1050000e+03
   1.0800000e-01   1.1620000e+03
   1.0830000e-01   1.1880000e+03
   1.0860000e-01   1.2160000e+03
   1.0890000e-01   1.1740000e+03
   1.0920000e-01   1.1770000e+03
   1.0950000e-01   1.1740000e+03
   1.0980000e-01   1.2100000e+03
   1.1010000e-01   1.2200000e+03
   1.1040000e-01   1.1940000e+03
   1.1070000e-01   1.1390000e+03
   1.1100000e-01   1.1350000e+03
   1.1130000e-01   1.1100000e+03
   1.1160000e-01   1.1210000e+03
   1.1190000e-01   1.1440000e+03
   1.1220000e-01   1.1850000e+03
   1.1250000e-01   1.1030000e+03
   1.1280000e-01   1.1350000e+03
   1.1310000e-01   1.0990000e+03
   1.1340000e-01   1.2180000e+03
   1.1370000e-01   1.1630000e+03
   1.1400000e-01   1.1610000e+03
   1.1430000e-01   1.1360000e+03
   1.1460000e-01   1.1890000e+03
   1.1490000e-01   1.1060000e+03
   1.1520000e-01   1.1960000e+03
   1.1550000e-01   1.1960000e+03
   1.1580000e-01   1.2020000e+03
   1.1610000e-01   1.1290000e+03
   1.1640000e-01   1.1950000e+03
   1.1670000e-01   1.1060000e+03
   1.1700000e-01   1.1110000e+03
   1.1730000e-01   1.0400000e+03
   1.1760000e-01   1.1710000e+03
   1.1790000e-01   1.2010000e+03
   1.1820000e-01   1.1670000e+03
   1.1850000e-01   1.0760000e+03
   1.1880000e-01   1.2000000e+03
   1.1910000e-01   1.1210000e+03
   1.1940000e-01   1.1870000e+03
   1.1970000e-01   1.2180000e+03
   1.2000000e-01   1.1600000e+03
   1.2030000e-01   1.2060000e+03
   1.2060000e-01   1.2230000e+03
   1.2090000e-01   1.1240000e+03
   1.2120000e-01   1.1180000e+03
   1.2150000e-01   1.1260000e+03
   1.2180000e-01   1.2320000e+03
   1.2210000e-01   1.2200000e+03
   1.2240000e-01   1.2900000e+03
   1.2270000e-01   1.1990000e+03
   1.2300000e-01   1.1870000e+03
   1.2330000e-01   1.1630000e+03
   1.2360000e-01   1.2050000e+03
   1.2390000e-01   1.1500000e+03
   1.2420000e-01   1.1520000e+03
   1.2450000e-01   1.1240000e+03
   1.2480000e-01   1.1860000e+03
   1.2510000e-01   1.1310000e+03
   1.2540000e-01   1.1680000e+03
   1.2570000e-01   1.1120000e+03
   1.2600000e-01   1.1360000e+03
   1.2630000e-01   1.1660000e+03
   1.2660000e-01   1.1820000e+03
   1.2690000e-01   1.1920000e+03
   1.2720000e-01   1.0920000e+03
   1.2750000e-01   1.1750000e+03
   1.2780000e-01   1.1800000e+03
   1.2810000e-01   1.1170000e+03
   1.2840000e-01   1.1720000e+03
   1.2870000e-01   1.1880000e+03
   1.2900000e-01   1.1700000e+03
   1.2930000e-01   1.1830000e+03
   1.2960000e-01   1.2350000e+03
   1.2990000e-01   1.1420000e+03
   1.3020000e-01   1.2260000e+03
   1.3050000e-01   1.1940000e+03
   1.3080000e-01   1.2020000e+03
   1.3110000e-01   1.1630000e+03
   1.3140000e-01   1.1370000e+03
   1.3170000e-01   1.1220000e+03
   1.3200000e-01   1.1450000e+03
   1.3230000e-01   1.2240000e+03
   1.3260000e-01   1.1660000e+03
   1.3290000e-01   1.2050000e+03
   1.3320000e-01   1.1730000e+03
   1.3350000e-01   1.2160000e+03
   1.3380000e-01   1.1930000e+03
   1.3410000e-01   1.1760000e+03
   1.3440000e-01   1.1810000e+03
   1.3470000e-01   1.1530000e+03
   1.3500000e-01   1.1610000e+03
   1.3530000e-01   1.1500000e+03
   1.3560000e-01   1.1690000e+03
   1.3590000e-01   1.1290000e+03
   1.3620000e-01   1.1660000e+03
   1.3650000e-01   1.1670000e+03
   1.3680000e-01   1.1700000e+03
   1.3710000e-01   1.1500000e+03
   1.3740000e-01   1.1500000e+03
   1.3770000e-01   1.1930000e+03
   1.3800000e-01   1.1960000e+03
   1.3830000e-01   1.2140000e+03
   1.3860000e-01   1.2140000e+03
   1.3890000e-01   1.1580000e+03
   1.3920000e-01   1.1930000e+03
   1.3950000e-01   1.2020000e+03
   1.3980000e-01   1.2270000e+03
   1.4010000e-01   1.1960000e+03
   1.4040000e-01   1.1170000e+03
   1.4070000e-01   1.1800000e+03
   1.4100000e-01   1.1400000e+03
   1.4130000e-01   1.1630000e+03
   1.4160000e-01   1.1790000e+03
   1.4190000e-01   1.1710000e+03
   1.4220000e-01   1.1240000e+03
   1.4250000e-01   1.1530000e+03
   1.4280000e-01   1.1490000e+03
   1.4310000e-01   1.1850000e+03
   1.4340000e-01   1.2370000e+03
   1.4370000e-01   1.1710000e+03
   1.4400000e-01   1.2460000e+03
   1.4430000e-01   1.1590000e+03
   1.4460000e-01   1.1610000e+03
   1.4490000e-01   1.2200000e+03
   1.4520000e-01   1.1400000e+03
   1.4550000e-01   1.1790000e+03
   1.4580000e-01   1.1140000e+03
   1.4610000e-01   1.1700000e+03
   1.4640000e-01   1.1290000e+03
   1.4670000e-01   1.1470000e+03
   1.4700000e-01   1.1380000e+03
   1.4730000e-01   1.1590000e+03
   1.4760000e-01   1.1380000e+03
   1.4790000e-01   1.1440000e+03
   1.4820000e-01   1.1260000e+03
   1.4850000e-01   1.1150000e+03
   1.4880000e-01   1.1690000e+03
   1.4910000e-01   1.1330000e+03
   1.4940000e-01   1.1070000e+03
   1.4970000e-01   1.1850000e+03
   1.5000000e-01   1.1580000e+03
   1.5030000e-01   1.2110000e+03
   1.5060000e-01   1.1590000e+03
   1.5090000e-01   1.1240000e+03
   1.5120000e-01   1.1740000e+03
   1.5150000e-01   1.1980000e+03
   1.5180000e-01   1.1610000e+03
   1.5210000e-01   1.1340000e+03
   1.5240000e-01   1.0810000e+03
   1.5270000e-01   1.0800000e+03
   1.5300000e-01   1.1250000e+03
   1.5330000e-01   1.1210000e+03
   1.5360000e-01   1.1210000e+03
   1.5390000e-01   1.1290000e+03
   1.5420000e-01   1.1780000e+03
   1.5450000e-01   1.2040000e+03
   1.5480000e-01   1.1580000e+03
   1.5510000e-01   1.1290000e+03
   1.5540000e-01   1.1180000e+03
   1.5570000e-01   1.1300000e+03
   1.5600000e-01   1.0940000e+03
   1.5630000e-01   1.1250000e+03
   1.5660000e-01   1.1620000e+03
   1.5690000e-01   1.1780000e+03
   1.5720000e-01   1.1180000e+03
   1.5750000e-01   1.2050000e+03
   1.5780000e-01   1.1280000e+03
   1.5810000e-01   1.1390000e+03
   1.5840000e-01   1.1710000e+03
   1.5870000e-01   1.1140000e+03
   1.5900000e-01   1.1340000e+03
   1.5930000e-01   1.1840000e+03
   1.5960000e-01   1.1780000e+03
   1.5990000e-01   1.1630000e+03
   1.6020000e-01   1.1540000e+03
   1.6050000e-01   1.1300000e+03
   1.6080000e-01   1.1450000e+03
   1.6110000e-01   1.1190000e+03
   1.6140000e-01   1.1270000e+03
   1.6170000e-01   1.1930000e+03
   1.6200000e-01   1.1790000e+03
   1.6230000e-01   1.1330000e+03
   1.6260000e-01   1.1660000e+03
   1.6290000e-01   1.1540000e+03
   1.6320000e-01   1.1300000e+03
   1.6350000e-01   1.1950000e+03
   1.6380000e-01   1.1280000e+03
   1.6410000e-01   1.1520000e+03
   1.6440000e-01   1.1740000e+03
   1.6470000e-01   1.1670000e+03
   1.6500000e-01   1.2000000e+03
   1.6530000e-01   1.1370000e+03
   1.6560000e-01   1.1190000e+03
   1.6590000e-01   1.1490000e+03
   1.6620000e-01   1.1140000e+03
   1.6650000e-01   1.2090000e+03
   1.6680000e-01   1.1750000e+03
   1.6710000e-01   1.1050000e+03
   1.6740000e-01   1.1090000e+03
   1.6770000e-01   1.2220000e+03
   1.6800000e-01   1.1340000e+03
   1.6830000e-01   1.0910000e+03
   1.6860000e-01   1.1930000e+03
   1.6890000e-01   1.1370000e+03
   1.6920000e-01   1.2070000e+03
   1.6950000e-01   1.1380000e+03
   1.6980000e-01   1.1360000e+03
   1.7010000e-01   1.0840000e+03
   1.7040000e-01   1.1390000e+03
   1.7070000e-01   1.1060000e+03
   1.7100000e-01   1.2250000e+03
   1.7130000e-01   1.2150000e+03
   1.7160000e-01   1.0900000e+03
   1.7190000e-01   1.1350000e+03
   1.7220000e-01   1.0460000e+03
   1.7250000e-01   1.1190000e+03
   1.7280000e-01   1.1520000e+03
   1.7310000e-01   1.2220000e+03
   1.7340000e-01   1.1660000e+03
   1.7370000e-01   1.1570000e+03
   1.7400000e-01   1.1620000e+03
   1.7430000e-01   1.1610000e+03
   1.7460000e-01   1.1150000e+03
   1.7490000e-01   1.1810000e+03
   1.7520000e-01   1.0960000e+03
   1.7550000e-01   1.1370000e+03
   1.7580000e-01   1.2150000e+03
   1.7610000e-01   1.1330000e+03
   1.7640000e-01   1.2130000e+03
   1.7670000e-01   1.1980000e+03
   1.7700000e-01   1.1400000e+03
   1.7730000e-01   1.1340000e+03
   1.7760000e-01   1.1450000e+03
   1.7790000e-01   1.2230000e+03
   1.7820000e-01   1.1150000e+03
   1.7850000e-01   1.1670000e+03
   1.7880000e-01   1.1550000e+03
   1.7910000e-01   1.1500000e+03
   1.7940000e-01   1.1000000e+03
   1.7970000e-01   1.1760000e+03
   1.8000000e-01   1.0870000e+03
   1.8030000e-01   1.1830000e+03
   1.8060000e-01   1.1150000e+03
   1.8090000e-01   1.1620000e+03
   1.8120000e-01   1.1220000e+03
   1.8150000e-01   1.1650000e+03
   1.8180000e-01   1.0980000e+03
   1.8210000e-01   1.1880000e+03
   1.8240000e-01   1.2010000e+03
   1.8270000e-01   1.1090000e+03
