  -2.0000000e-02   5.0000000e+01
  -1.9600000e-02   5.3000000e+01
  -1.9200000e-02   5.8000000e+01
  -1.8800000e-02   6.1000000e+01
  -1.8400000e-02   6.6000000e+01
  -1.8000000e-02   5.6000000e+01
  -1.7600000e-02   4.7000000e+01
  -1.7200000e-02   5.3000000e+01
  -1.6800000e-02   7.0000000e+01
  -1.6400000e-02   5.5000000e+01
  -1.6000000e-02   4.1000000e+01
  -1.5600000e-02   6.0000000e+01
  -1.5200000e-02   5.6000000e+01
  -1.4800000e-02   4.9000000e+01
  -1.4400000e-02   7.1000000e+01
  -1.4000000e-02   5.5000000e+01
  -1.3600000e-02   6.7000000e+01
  -1.3200000e-02   6.8000000e+01
  -1.2800000e-02   5.8000000e+01
  -1.2400000e-02   6.6000000e+01
  -1.2000000e-02   6.1000000e+01
  -1.1600000e-02   3.9000000e+01
  -1.1200000e-02   6.4000000e+01
  -1.0800000e-02   4.4000000e+01
  -1.0400000e-02   5.1000000e+01
  -1.0000000e-02   5.4000000e+01
  -9.6000000e-03   4.9000000e+01
  -9.2000000e-03   6.2000000e+01
  -8.8000000e-03   5.6000000e+01
  -8.4000000e-03   6.2000000e+01
  -8.0000000e-03   5.5000000e+01
  -7.6000000e-03   7.0000000e+01
  -7.2000000e-03   5.9000000e+01
  -6.8000000e-03   6.1000000e+01
  -6.4000000e-03   5.2000000e+01
  -6.0000000e-03   6.8000000e+01
  -5.6000000e-03   4.9000000e+01
  -5.2000000e-03   5.7000000e+01
  -4.8000000e-03   6.6000000e+01
  -4.4000000e-03   5.2000000e+01
  -4.0000000e-03   6.5000000e+01
  -3.6000000e-03   5.0000000e+01
  -3.2000000e-03   5.7000000e+01
  -2.8000000e-03   5.9000000e+01
  -2.4000000e-03   5.5000000e+01
  -2.0000000e-03   5.3000000e+01
  -1.6000000e-03   6.9000000e+01
  -1.2000000e-03   6.3000000e+01
  -8.0000000e-04   5.1000000e+01
  -4.0000000e-04   6.3000000e+01
   0.0000000e+00   1.6600000e+02
   4.0000000e-04   1.7400000e+02
   8.0000000e-04   1.8500000e+02
   1.2000000e-03   2.0400000e+02
   1.6000000e-03   1.9400000e+02
   2.0000000e-03   2.0600000e+02
   2.4000000e-03   1.9300000e+02
   2.8000000e-03   2.1200000e+02
   3.2000000e-03   1.9900000e+02
   3.6000000e-03   2.0800000e+02
   4.0000000e-03   2.0800000e+02
   4.4000000e-03   1.9100000e+02
   4.8000000e-03   1.9400000e+02
   5.2000000e-03   2.1700000e+02
   5.6000000e-03   2.0800000e+02
   6.0000000e-03   1.9400000e+02
   6.4000000e-03   1.8600000e+02
   6.8000000e-03   1.7000000e+02
   7.2000000e-03   1.6800000e+02
   7.6000000e-03   1.7600000e+02
   8.0000000e-03   1.7000000e+02
   8.4000000e-03   1.7300000e+02
   8.8000000e-03   1.9600000e+02
   9.2000000e-03   1.6100000e+02
   9.6000000e-03   1.4500000e+02
   1.0000000e-02   1.4700000e+02
   1.0400000e-02   1.5600000e+02
   1.0800000e-02   1.4400000e+02
   1.1200000e-02   1.5800000e+02
   1.1600000e-02   1.6200000e+02
   1.2000000e-02   1.5900000e+02
   1.2400000e-02   1.5800000e+02
   1.2800000e-02   1.6000000e+02
   1.3200000e-02   1.5200000e+02
   1.3600000e-02   1.5600000e+02
   1.4000000e-02   1.3900000e+02
   1.4400000e-02   1.5000000e+02
   1.4800000e-02   1.4600000e+02
   1.5200000e-02   1.5600000e+02
   1.5600000e-02   1.3400000e+02
   1.6000000e-02   1.2600000e+02
   1.6400000e-02   1.4900000e+02
   1.6800000e-02   1.4300000e+02
   1.7200000e-02   1.4500000e+02
   1.7600000e-02   1.3100000e+02
   1.8000000e-02   1.3000000e+02
   1.8400000e-02   1.3200000e+02
   1.8800000e-02   1.4600000e+02
   1.9200000e-02   1.3300000e+02
   1.9600000e-02   1.4000000e+02
   2.0000000e-02   1.1200000e+02
   2.0400000e-02   1.3100000e+02
   2.0800000e-02   1.3300000e+02
   2.1200000e-02   1.3200000e+02
   2.1600000e-02   1.2400000e+02
   2.2000000e-02   1.4300000e+02
   2.2400000e-02   1.4000000e+02
   2.2800000e-02   1.3000000e+02
   2.3200000e-02   1.2200000e+02
   2.3600000e-02   1.0800000e+02
   2.4000000e-02   1.1200000e+02
   2.4400000e-02   1.2700000e+02
   2.4800000e-02   1.0200000e+02
   2.5200000e-02   1.1500000e+02
   2.5600000e-02   9.8000000e+01
   2.6000000e-02   1.2300000e+02
   2.6400000e-02   1.2800000e+02
   2.6800000e-02   9.7000000e+01
   2.7200000e-02   1.0900000e+02
   2.7600000e-02   1.1600000e+02
   2.8000000e-02   1.0600000e+02
   2.8400000e-02   1.0100000e+02
   2.8800000e-02   1.1000000e+02
   2.9200000e-02   1.0800000e+02
   2.9600000e-02   9.0000000e+01
   3.0000000e-02   1.0700000e+02
   3.0400000e-02   1.1200000e+02
   3.0800000e-02   9.0000000e+01
   3.1200000e-02   1.0700000e+02
   3.1600000e-02   9.8000000e+01
   3.2000000e-02   1.0500000e+02
   3.2400000e-02   9.4000000e+01
   3.2800000e-02   9.7000000e+01
   3.3200000e-02   9.2000000e+01
   3.3600000e-02   9.5000000e+01
   3.4000000e-02   9.6000000e+01
   3.4400000e-02   8.4000000e+01
   3.4800000e-02   8.4000000e+01
   3.5200000e-02   9.6000000e+01
   3.5600000e-02   7.9000000e+01
   3.6000000e-02   9.1000000e+01
   3.6400000e-02   8.0000000e+01
   3.6800000e-02   9.4000000e+01
   3.7200000e-02   9.5000000e+01
   3.7600000e-02   9.1000000e+01
   3.8000000e-02   8.0000000e+01
   3.8400000e-02   9.1000000e+01
   3.8800000e-02   1.1000000e+02
   3.9200000e-02   8.5000000e+01
   3.9600000e-02   9.3000000e+01
   4.0000000e-02   8.6000000e+01
   4.0400000e-02   8.8000000e+01
   4.0800000e-02   8.9000000e+01
   4.1200000e-02   7.4000000e+01
   4.1600000e-02   8.4000000e+01
   4.2000000e-02   1.1000000e+02
   4.2400000e-02   8.6000000e+01
   4.2800000e-02   9.5000000e+01
   4.3200000e-02   8.4000000e+01
   4.3600000e-02   7.6000000e+01
   4.4000000e-02   9.3000000e+01
   4.4400000e-02   6.8000000e+01
   4.4800000e-02   1.0100000e+02
   4.5200000e-02   8.8000000e+01
   4.5600000e-02   7.8000000e+01
   4.6000000e-02   9.7000000e+01
   4.6400000e-02   7.9000000e+01
   4.6800000e-02   6.8000000e+01
   4.7200000e-02   8.7000000e+01
   4.7600000e-02   8.2000000e+01
   4.8000000e-02   8.0000000e+01
   4.8400000e-02   8.8000000e+01
   4.8800000e-02   9.5000000e+01
   4.9200000e-02   9.9000000e+01
   4.9600000e-02   7.6000000e+01
   5.0000000e-02   8.7000000e+01
   5.0400000e-02   7.8000000e+01
   5.0800000e-02   6.5000000e+01
   5.1200000e-02   8.8000000e+01
   5.1600000e-02   7.7000000e+01
   5.2000000e-02   8.3000000e+01
   5.2400000e-02   7.0000000e+01
   5.2800000e-02   7.1000000e+01
   5.3200000e-02   7.7000000e+01
   5.3600000e-02   7.7000000e+01
   5.4000000e-02   6.1000000e+01
   5.4400000e-02   6.2000000e+01
   5.4800000e-02   9.9000000e+01
   5.5200000e-02   7.4000000e+01
   5.5600000e-02   8.5000000e+01
   5.6000000e-02   8.7000000e+01
   5.6400000e-02   7.6000000e+01
   5.6800000e-02   7.3000000e+01
   5.7200000e-02   7.7000000e+01
   5.7600000e-02   7.3000000e+01
   5.8000000e-02   7.4000000e+01
   5.8400000e-02   8.1000000e+01
   5.8800000e-02   7.2000000e+01
   5.9200000e-02   8.9000000e+01
   5.9600000e-02   7.6000000e+01
   6.0000000e-02   8.2000000e+01
   6.0400000e-02   6.4000000e+01
   6.0800000e-02   7.1000000e+01
   6.1200000e-02   8.6000000e+01
   6.1600000e-02   7.1000000e+01
   6.2000000e-02   7.3000000e+01
   6.2400000e-02   6.9000000e+01
   6.2800000e-02   7.6000000e+01
   6.3200000e-02   5.1000000e+01
   6.3600000e-02   6.7000000e+01
   6.4000000e-02   7.1000000e+01
   6.4400000e-02   6.7000000e+01
   6.4800000e-02   5.9000000e+01
   6.5200000e-02   6.3000000e+01
   6.5600000e-02   6.5000000e+01
   6.6000000e-02   6.6000000e+01
   6.6400000e-02   7.9000000e+01
   6.6800000e-02   8.2000000e+01
   6.7200000e-02   6.3000000e+01
   6.7600000e-02   6.8000000e+01
   6.8000000e-02   6.4000000e+01
   6.8400000e-02   8.6000000e+01
   6.8800000e-02   7.9000000e+01
   6.9200000e-02   6.4000000e+01
   6.9600000e-02   7.1000000e+01
   7.0000000e-02   5.3000000e+01
   7.0400000e-02   6.1000000e+01
   7.0800000e-02   6.3000000e+01
   7.1200000e-02   7.4000000e+01
   7.1600000e-02   7.4000000e+01
   7.2000000e-02   6.4000000e+01
   7.2400000e-02   7.0000000e+01
   7.2800000e-02   6.5000000e+01
   7.3200000e-02   7.0000000e+01
   7.3600000e-02   6.8000000e+01
   7.4000000e-02   4.9000000e+01
   7.4400000e-02   7.2000000e+01
   7.4800000e-02   5.9000000e+01
   7.5200000e-02   6.2000000e+01
   7.5600000e-02   5.9000000e+01
   7.6000000e-02   7.0000000e+01
   7.6400000e-02   7.7000000e+01
   7.6800000e-02   7.2000000e+01
   7.7200000e-02   5.0000000e+01
   7.7600000e-02   7.9000000e+01
   7.8000000e-02   7.3000000e+01
   7.8400000e-02   6.2000000e+01
   7.8800000e-02   4.2000000e+01
   7.9200000e-02   5.3000000e+01
   7.9600000e-02   6.3000000e+01
   8.0000000e-02   7.2000000e+01
   8.0400000e-02   6.6000000e+01
   8.0800000e-02   6.7000000e+01
   8.1200000e-02   8.1000000e+01
   8.1600000e-02   6.3000000e+01
   8.2000000e-02   7.1000000e+01
   8.2400000e-02   6.3000000e+01
   8.2800000e-02   7.6000000e+01
   8.3200000e-02   6.5000000e+01
   8.3600000e-02   7.4000000e+01
   8.4000000e-02   6.4000000e+01
   8.4400000e-02   4.8000000e+01
   8.4800000e-02   6.5000000e+01
   8.5200000e-02   6.7000000e+01
   8.5600000e-02   6.0000000e+01
   8.6000000e-02   6.5000000e+01
   8.6400000e-02   6.9000000e+01
   8.6800000e-02   5.8000000e+01
   8.7200000e-02   6.6000000e+01
   8.7600000e-02   5.5000000e+01
   8.8000000e-02   5.8000000e+01
   8.8400000e-02   4.7000000e+01
   8.8800000e-02   6.7000000e+01
   8.9200000e-02   5.7000000e+01
   8.9600000e-02   6.7000000e+01
   9.0000000e-02   6.6000000e+01
   9.0400000e-02   6.8000000e+01
   9.0800000e-02   5.0000000e+01
   9.1200000e-02   7.5000000e+01
   9.1600000e-02   5.8000000e+01
   9.2000000e-02   3.8000000e+01
   9.2400000e-02   4.5000000e+01
   9.2800000e-02   4.9000000e+01
   9.3200000e-02   5.5000000e+01
   9.3600000e-02   5.7000000e+01
   9.4000000e-02   6.1000000e+01
   9.4400000e-02   6.4000000e+01
   9.4800000e-02   5.2000000e+01
   9.5200000e-02   5.6000000e+01
   9.5600000e-02   5.9000000e+01
   9.6000000e-02   5.5000000e+01
   9.6400000e-02   5.0000000e+01
   9.6800000e-02   5.7000000e+01
   9.7200000e-02   7.1000000e+01
   9.7600000e-02   7.1000000e+01
   9.8000000e-02   5.7000000e+01
   9.8400000e-02   6.1000000e+01
   9.8800000e-02   7.8000000e+01
   9.9200000e-02   7.0000000e+01
   9.9600000e-02   5.6000000e+01
   1.0000000e-01   6.4000000e+01
   1.0040000e-01   5.6000000e+01
   1.0080000e-01   6.3000000e+01
   1.0120000e-01   6.3000000e+01
   1.0160000e-01   6.1000000e+01
   1.0200000e-01   6.3000000e+01
   1.0240000e-01   7.2000000e+01
   1.0280000e-01   6.2000000e+01
   1.0320000e-01   6.2000000e+01
   1.0360000e-01   4.9000000e+01
   1.0400000e-01   5.0000000e+01
   1.0440000e-01   5.8000000e+01
   1.0480000e-01   5.9000000e+01
   1.0520000e-01   6.2000000e+01
   1.0560000e-01   6.2000000e+01
   1.0600000e-01   5.5000000e+01
   1.0640000e-01   6.0000000e+01
   1.0680000e-01   6.2000000e+01
   1.0720000e-01   5.3000000e+01
   1.0760000e-01   4.9000000e+01
   1.0800000e-01   5.7000000e+01
   1.0840000e-01   5.4000000e+01
   1.0880000e-01   5.9000000e+01
   1.0920000e-01   5.4000000e+01
   1.0960000e-01   6.5000000e+01
   1.1000000e-01   6.9000000e+01
   1.1040000e-01   6.0000000e+01
   1.1080000e-01   6.5000000e+01
   1.1120000e-01   6.8000000e+01
   1.1160000e-01   6.2000000e+01
   1.1200000e-01   5.5000000e+01
   1.1240000e-01   6.6000000e+01
   1.1280000e-01   5.4000000e+01
   1.1320000e-01   6.4000000e+01
   1.1360000e-01   5.2000000e+01
   1.1400000e-01   6.0000000e+01
   1.1440000e-01   6.7000000e+01
   1.1480000e-01   6.1000000e+01
   1.1520000e-01   5.4000000e+01
   1.1560000e-01   4.8000000e+01
   1.1600000e-01   6.7000000e+01
   1.1640000e-01   6.3000000e+01
   1.1680000e-01   6.3000000e+01
   1.1720000e-01   6.3000000e+01
   1.1760000e-01   5.7000000e+01
   1.1800000e-01   4.8000000e+01
   1.1840000e-01   5.4000000e+01
   1.1880000e-01   5.7000000e+01
   1.1920000e-01   5.5000000e+01
   1.1960000e-01   6.4000000e+01
   1.2000000e-01   7.3000000e+01
   1.2040000e-01   5.9000000e+01
   1.2080000e-01   6.2000000e+01
   1.2120000e-01   5.3000000e+01
   1.2160000e-01   5.0000000e+01
   1.2200000e-01   6.2000000e+01
   1.2240000e-01   5.9000000e+01
   1.2280000e-01   5.6000000e+01
   1.2320000e-01   6.4000000e+01
   1.2360000e-01   4.7000000e+01
   1.2400000e-01   7.1000000e+01
   1.2440000e-01   4.8000000e+01
   1.2480000e-01   5.2000000e+01
   1.2520000e-01   3.8000000e+01
   1.2560000e-01   6.7000000e+01
   1.2600000e-01   4.3000000e+01
   1.2640000e-01   5.8000000e+01
   1.2680000e-01   5.3000000e+01
   1.2720000e-01   4.7000000e+01
   1.2760000e-01   6.1000000e+01
   1.2800000e-01   5.3000000e+01
   1.2840000e-01   5.0000000e+01
   1.2880000e-01   5.3000000e+01
   1.2920000e-01   7.4000000e+01
   1.2960000e-01   7.5000000e+01
   1.3000000e-01   5.9000000e+01
   1.3040000e-01   6.5000000e+01
   1.3080000e-01   5.4000000e+01
   1.3120000e-01   7.0000000e+01
   1.3160000e-01   4.7000000e+01
   1.3200000e-01   5.4000000e+01
   1.3240000e-01   6.2000000e+01
   1.3280000e-01   7.2000000e+01
   1.3320000e-01   4.3000000e+01
   1.3360000e-01   5.0000000e+01
   1.3400000e-01   5.8000000e+01
   1.3440000e-01   6.8000000e+01
   1.3480000e-01   5.4000000e+01
   1.3520000e-01   5.7000000e+01
   1.3560000e-01   4.8000000e+01
   1.3600000e-01   6.1000000e+01
   1.3640000e-01   4.5000000e+01
   1.3680000e-01   6.8000000e+01
   1.3720000e-01   6.7000000e+01
   1.3760000e-01   6.8000000e+01
   1.3800000e-01   4.6000000e+01
   1.3840000e-01   4.8000000e+01
   1.3880000e-01   5.9000000e+01
   1.3920000e-01   5.4000000e+01
   1.3960000e-01   5.2000000e+01
   1.4000000e-01   4.3000000e+01
   1.4040000e-01   6.5000000e+01
   1.4080000e-01   7.1000000e+01
   1.4120000e-01   4.9000000e+01
   1.4160000e-01   6.0000000e+01
   1.4200000e-01   6.1000000e+01
   1.4240000e-01   6.1000000e+01
   1.4280000e-01   6.7000000e+01
   1.4320000e-01   5.2000000e+01
   1.4360000e-01   6.4000000e+01
   1.4400000e-01   6.3000000e+01
   1.4440000e-01   7.5000000e+01
   1.4480000e-01   5.5000000e+01
   1.4520000e-01   6.0000000e+01
   1.4560000e-01   6.0000000e+01
   1.4600000e-01   4.8000000e+01
   1.4640000e-01   4.5000000e+01
   1.4680000e-01   5.7000000e+01
   1.4720000e-01   5.2000000e+01
   1.4760000e-01   4.8000000e+01
   1.4800000e-01   4.4000000e+01
   1.4840000e-01   5.1000000e+01
   1.4880000e-01   5.0000000e+01
   1.4920000e-01   6.2000000e+01
   1.4960000e-01   5.3000000e+01
   1.5000000e-01   5.5000000e+01
   1.5040000e-01   4.6000000e+01
   1.5080000e-01   6.7000000e+01
   1.5120000e-01   4.7000000e+01
   1.5160000e-01   5.9000000e+01
   1.5200000e-01   5.3000000e+01
   1.5240000e-01   3.9000000e+01
   1.5280000e-01   5.9000000e+01
   1.5320000e-01   5.5000000e+01
   1.5360000e-01   5.8000000e+01
   1.5400000e-01   5.5000000e+01
   1.5440000e-01   5.4000000e+01
   1.5480000e-01   6.0000000e+01
   1.5520000e-01   6.0000000e+01
   1.5560000e-01   4.5000000e+01
   1.5600000e-01   5.2000000e+01
   1.5640000e-01   7.3000000e+01
   1.5680000e-01   4.6000000e+01
   1.5720000e-01   6.4000000e+01
   1.5760000e-01   6.4000000e+01
   1.5800000e-01   5.2000000e+01
   1.5840000e-01   4.9000000e+01
   1.5880000e-01   6.3000000e+01
   1.5920000e-01   5.2000000e+01
   1.5960000e-01   5.3000000e+01
   1.6000000e-01   5.0000000e+01
   1.6040000e-01   4.9000000e+01
   1.6080000e-01   6.7000000e+01
   1.6120000e-01   5.9000000e+01
   1.6160000e-01   5.6000000e+01
   1.6200000e-01   4.7000000e+01
   1.6240000e-01   6.7000000e+01
   1.6280000e-01   5.9000000e+01
   1.6320000e-01   6.5000000e+01
   1.6360000e-01   5.9000000e+01
   1.6400000e-01   5.7000000e+01
   1.6440000e-01   6.1000000e+01
   1.6480000e-01   6.4000000e+01
   1.6520000e-01   7.5000000e+01
   1.6560000e-01   5.5000000e+01
   1.6600000e-01   4.6000000e+01
   1.6640000e-01   4.6000000e+01
   1.6680000e-01   4.4000000e+01
   1.6720000e-01   4.6000000e+01
   1.6760000e-01   5.7000000e+01
   1.6800000e-01   6.8000000e+01
   1.6840000e-01   5.8000000e+01
   1.6880000e-01   5.7000000e+01
   1.6920000e-01   5.5000000e+01
   1.6960000e-01   4.2000000e+01
   1.7000000e-01   6.5000000e+01
   1.7040000e-01   5.9000000e+01
   1.7080000e-01   7.4000000e+01
   1.7120000e-01   5.4000000e+01
   1.7160000e-01   6.7000000e+01
   1.7200000e-01   5.0000000e+01
   1.7240000e-01   4.5000000e+01
   1.7280000e-01   4.9000000e+01
   1.7320000e-01   5.0000000e+01
   1.7360000e-01   6.2000000e+01
   1.7400000e-01   4.2000000e+01
   1.7440000e-01   6.5000000e+01
   1.7480000e-01   5.6000000e+01
   1.7520000e-01   5.2000000e+01
   1.7560000e-01   5.4000000e+01
