  -2.0000000e-02   2.0000000e+00
  -1.9720000e-02   2.0000000e+00
  -1.9440000e-02   1.0000000e+00
  -1.9160000e-02   2.0000000e+00
  -1.8880000e-02   2.0000000e+00
  -1.8600000e-02   5.0000000e+00
  -1.8320000e-02   2.0000000e+00
  -1.8040000e-02   0.0000000e+00
  -1.7760000e-02   0.0000000e+00
  -1.7480000e-02   3.0000000e+00
  -1.7200000e-02   0.0000000e+00
  -1.6920000e-02   1.0000000e+00
  -1.6640000e-02   6.0000000e+00
  -1.6360000e-02   2.0000000e+00
  -1.6080000e-02   4.0000000e+00
  -1.5800000e-02   3.0000000e+00
  -1.5520000e-02   2.0000000e+00
  -1.5240000e-02   4.0000000e+00
  -1.4960000e-02   2.0000000e+00
  -1.4680000e-02   4.0000000e+00
  -1.4400000e-02   1.0000000e+00
  -1.4120000e-02   2.0000000e+00
  -1.3840000e-02   4.0000000e+00
  -1.3560000e-02   2.0000000e+00
  -1.3280000e-02   1.0000000e+00
  -1.3000000e-02   4.0000000e+00
  -1.2720000e-02   2.0000000e+00
  -1.2440000e-02   2.0000000e+00
  -1.2160000e-02   1.0000000e+00
  -1.1880000e-02   3.0000000e+00
  -1.1600000e-02   2.0000000e+00
  -1.1320000e-02   3.0000000e+00
  -1.1040000e-02   1.0000000e+00
  -1.0760000e-02   0.0000000e+00
  -1.0480000e-02   1.0000000e+00
  -1.0200000e-02   3.0000000e+00
  -9.9200000e-03   0.0000000e+00
  -9.6400000e-03   0.0000000e+00
  -9.3600000e-03   1.0000000e+00
  -9.0800000e-03   2.0000000e+00
  -8.8000000e-03   1.0000000e+00
  -8.5200000e-03   1.0000000e+00
  -8.2400000e-03   1.0000000e+00
  -7.9600000e-03   2.0000000e+00
  -7.6800000e-03   0.0000000e+00
  -7.4000000e-03   3.0000000e+00
  -7.1200000e-03   1.0000000e+00
  -6.8400000e-03   1.0000000e+00
  -6.5600000e-03   1.0000000e+00
  -6.2800000e-03   4.0000000e+00
  -6.0000000e-03   0.0000000e+00
  -5.7200000e-03   1.0000000e+00
  -5.4400000e-03   2.0000000e+00
  -5.1600000e-03   2.0000000e+00
  -4.8800000e-03   2.0000000e+00
  -4.6000000e-03   2.0000000e+00
  -4.3200000e-03   1.0000000e+00
  -4.0400000e-03   3.0000000e+00
  -3.7600000e-03   2.0000000e+00
  -3.4800000e-03   0.0000000e+00
  -3.2000000e-03   3.0000000e+00
  -2.9200000e-03   2.0000000e+00
  -2.6400000e-03   4.0000000e+00
  -2.3600000e-03   2.0000000e+00
  -2.0800000e-03   1.0000000e+00
  -1.8000000e-03   2.0000000e+00
  -1.5200000e-03   1.0000000e+00
  -1.2400000e-03   2.0000000e+00
  -9.6000000e-04   2.0000000e+00
  -6.8000000e-04   4.0000000e+00
  -4.0000000e-04   2.0000000e+00
  -1.2000000e-04   4.5000000e+01
   1.6000000e-04   4.2000000e+01
   4.4000000e-04   3.5000000e+01
   7.2000000e-04   3.6000000e+01
   1.0000000e-03   4.1000000e+01
   1.2800000e-03   3.2000000e+01
   1.5600000e-03   3.4000000e+01
   1.8400000e-03   2.9000000e+01
   2.1200000e-03   2.9000000e+01
   2.4000000e-03   3.2000000e+01
   2.6800000e-03   2.5000000e+01
   2.9600000e-03   2.4000000e+01
   3.2400000e-03   2.4000000e+01
   3.5200000e-03   3.0000000e+01
   3.8000000e-03   2.1000000e+01
   4.0800000e-03   2.6000000e+01
   4.3600000e-03   2.2000000e+01
   4.6400000e-03   1.6000000e+01
   4.9200000e-03   2.3000000e+01
   5.2000000e-03   1.5000000e+01
   5.4800000e-03   2.6000000e+01
   5.7600000e-03   2.0000000e+01
   6.0400000e-03   2.7000000e+01
   6.3200000e-03   2.2000000e+01
   6.6000000e-03   1.5000000e+01
   6.8800000e-03   2.5000000e+01
   7.1600000e-03   1.3000000e+01
   7.4400000e-03   1.7000000e+01
   7.7200000e-03   1.8000000e+01
   8.0000000e-03   1.2000000e+01
   8.2800000e-03   1.1000000e+01
   8.5600000e-03   1.7000000e+01
   8.8400000e-03   1.4000000e+01
   9.1200000e-03   1.3000000e+01
   9.4000000e-03   9.0000000e+00
   9.6800000e-03   2.2000000e+01
   9.9600000e-03   9.0000000e+00
   1.0240000e-02   7.0000000e+00
   1.0520000e-02   1.4000000e+01
   1.0800000e-02   1.0000000e+01
   1.1080000e-02   1.6000000e+01
   1.1360000e-02   1.5000000e+01
   1.1640000e-02   8.0000000e+00
   1.1920000e-02   1.3000000e+01
   1.2200000e-02   1.4000000e+01
   1.2480000e-02   1.1000000e+01
   1.2760000e-02   1.0000000e+01
   1.3040000e-02   1.5000000e+01
   1.3320000e-02   1.4000000e+01
   1.3600000e-02   1.1000000e+01
   1.3880000e-02   1.4000000e+01
   1.4160000e-02   8.0000000e+00
   1.4440000e-02   7.0000000e+00
   1.4720000e-02   4.0000000e+00
   1.5000000e-02   1.2000000e+01
   1.5280000e-02   1.0000000e+01
   1.5560000e-02   8.0000000e+00
   1.5840000e-02   1.4000000e+01
   1.6120000e-02   1.0000000e+01
   1.6400000e-02   1.2000000e+01
   1.6680000e-02   1.0000000e+01
   1.6960000e-02   4.0000000e+00
   1.7240000e-02   1.1000000e+01
   1.7520000e-02   6.0000000e+00
   1.7800000e-02   1.4000000e+01
   1.8080000e-02   1.0000000e+01
   1.8360000e-02   7.0000000e+00
   1.8640000e-02   7.0000000e+00
   1.8920000e-02   8.0000000e+00
   1.9200000e-02   8.0000000e+00
   1.9480000e-02   1.2000000e+01
   1.9760000e-02   6.0000000e+00
   2.0040000e-02   6.0000000e+00
   2.0320000e-02   7.0000000e+00
   2.0600000e-02   8.0000000e+00
   2.0880000e-02   1.0000000e+01
   2.1160000e-02   3.0000000e+00
   2.1440000e-02   8.0000000e+00
   2.1720000e-02   8.0000000e+00
   2.2000000e-02   1.3000000e+01
   2.2280000e-02   4.0000000e+00
   2.2560000e-02   5.0000000e+00
   2.2840000e-02   5.0000000e+00
   2.3120000e-02   7.0000000e+00
   2.3400000e-02   1.3000000e+01
   2.3680000e-02   9.0000000e+00
   2.3960000e-02   1.1000000e+01
   2.4240000e-02   7.0000000e+00
   2.4520000e-02   8.0000000e+00
   2.4800000e-02   6.0000000e+00
   2.5080000e-02   8.0000000e+00
   2.5360000e-02   3.0000000e+00
   2.5640000e-02   7.0000000e+00
   2.5920000e-02   7.0000000e+00
   2.6200000e-02   6.0000000e+00
   2.6480000e-02   9.0000000e+00
   2.6760000e-02   3.0000000e+00
   2.7040000e-02   5.0000000e+00
   2.7320000e-02   9.0000000e+00
   2.7600000e-02   6.0000000e+00
   2.7880000e-02   4.0000000e+00
   2.8160000e-02   6.0000000e+00
   2.8440000e-02   4.0000000e+00
   2.8720000e-02   7.0000000e+00
   2.9000000e-02   3.0000000e+00
   2.9280000e-02   7.0000000e+00
   2.9560000e-02   7.0000000e+00
   2.9840000e-02   7.0000000e+00
   3.0120000e-02   5.0000000e+00
   3.0400000e-02   4.0000000e+00
   3.0680000e-02   2.0000000e+00
   3.0960000e-02   5.0000000e+00
   3.1240000e-02   7.0000000e+00
   3.1520000e-02   8.0000000e+00
   3.1800000e-02   7.0000000e+00
   3.2080000e-02   8.0000000e+00
   3.2360000e-02   4.0000000e+00
   3.2640000e-02   7.0000000e+00
   3.2920000e-02   1.0000000e+01
   3.3200000e-02   5.0000000e+00
   3.3480000e-02   6.0000000e+00
   3.3760000e-02   9.0000000e+00
   3.4040000e-02   7.0000000e+00
   3.4320000e-02   4.0000000e+00
   3.4600000e-02   4.0000000e+00
   3.4880000e-02   3.0000000e+00
   3.5160000e-02   3.0000000e+00
   3.5440000e-02   5.0000000e+00
   3.5720000e-02   4.0000000e+00
   3.6000000e-02   4.0000000e+00
   3.6280000e-02   4.0000000e+00
   3.6560000e-02   7.0000000e+00
   3.6840000e-02   6.0000000e+00
   3.7120000e-02   4.0000000e+00
   3.7400000e-02   3.0000000e+00
   3.7680000e-02   7.0000000e+00
   3.7960000e-02   6.0000000e+00
   3.8240000e-02   1.0000000e+00
   3.8520000e-02   1.0000000e+01
   3.8800000e-02   3.0000000e+00
   3.9080000e-02   7.0000000e+00
   3.9360000e-02   3.0000000e+00
   3.9640000e-02   9.0000000e+00
   3.9920000e-02   4.0000000e+00
   4.0200000e-02   4.0000000e+00
   4.0480000e-02   3.0000000e+00
   4.0760000e-02   7.0000000e+00
   4.1040000e-02   2.0000000e+00
   4.1320000e-02   4.0000000e+00
   4.1600000e-02   1.1000000e+01
   4.1880000e-02   4.0000000e+00
   4.2160000e-02   5.0000000e+00
   4.2440000e-02   1.0000000e+00
   4.2720000e-02   2.0000000e+00
   4.3000000e-02   2.0000000e+00
   4.3280000e-02   8.0000000e+00
   4.3560000e-02   3.0000000e+00
   4.3840000e-02   6.0000000e+00
   4.4120000e-02   8.0000000e+00
   4.4400000e-02   1.0000000e+00
   4.4680000e-02   3.0000000e+00
   4.4960000e-02   8.0000000e+00
   4.5240000e-02   1.2000000e+01
   4.5520000e-02   7.0000000e+00
   4.5800000e-02   3.0000000e+00
   4.6080000e-02   4.0000000e+00
   4.6360000e-02   4.0000000e+00
   4.6640000e-02   2.0000000e+00
   4.6920000e-02   2.0000000e+00
   4.7200000e-02   2.0000000e+00
   4.7480000e-02   5.0000000e+00
   4.7760000e-02   4.0000000e+00
   4.8040000e-02   6.0000000e+00
   4.8320000e-02   2.0000000e+00
   4.8600000e-02   2.0000000e+00
   4.8880000e-02   1.0000000e+00
   4.9160000e-02   5.0000000e+00
   4.9440000e-02   5.0000000e+00
   4.9720000e-02   1.0000000e+00
   5.0000000e-02   6.0000000e+00
   5.0280000e-02   5.0000000e+00
   5.0560000e-02   8.0000000e+00
   5.0840000e-02   1.0000000e+00
   5.1120000e-02   6.0000000e+00
   5.1400000e-02   3.0000000e+00
   5.1680000e-02   3.0000000e+00
   5.1960000e-02   1.0000000e+00
   5.2240000e-02   1.0000000e+00
   5.2520000e-02   5.0000000e+00
   5.2800000e-02   3.0000000e+00
   5.3080000e-02   1.0000000e+00
   5.3360000e-02   5.0000000e+00
   5.3640000e-02   5.0000000e+00
   5.3920000e-02   6.0000000e+00
   5.4200000e-02   3.0000000e+00
   5.4480000e-02   6.0000000e+00
   5.4760000e-02   9.0000000e+00
   5.5040000e-02   5.0000000e+00
   5.5320000e-02   5.0000000e+00
   5.5600000e-02   3.0000000e+00
   5.5880000e-02   1.0000000e+00
   5.6160000e-02   7.0000000e+00
   5.6440000e-02   3.0000000e+00
   5.6720000e-02   1.0000000e+00
   5.7000000e-02   1.0000000e+00
   5.7280000e-02   4.0000000e+00
   5.7560000e-02   4.0000000e+00
   5.7840000e-02   4.0000000e+00
   5.8120000e-02   6.0000000e+00
   5.8400000e-02   6.0000000e+00
   5.8680000e-02   7.0000000e+00
   5.8960000e-02   8.0000000e+00
   5.9240000e-02   2.0000000e+00
   5.9520000e-02   3.0000000e+00
   5.9800000e-02   2.0000000e+00
   6.0080000e-02   5.0000000e+00
   6.0360000e-02   6.0000000e+00
   6.0640000e-02   4.0000000e+00
   6.0920000e-02   7.0000000e+00
   6.1200000e-02   6.0000000e+00
   6.1480000e-02   3.0000000e+00
   6.1760000e-02   8.0000000e+00
   6.2040000e-02   4.0000000e+00
   6.2320000e-02   4.0000000e+00
   6.2600000e-02   6.0000000e+00
   6.2880000e-02   3.0000000e+00
   6.3160000e-02   4.0000000e+00
   6.3440000e-02   2.0000000e+00
   6.3720000e-02   2.0000000e+00
   6.4000000e-02   3.0000000e+00
   6.4280000e-02   4.0000000e+00
   6.4560000e-02   4.0000000e+00
   6.4840000e-02   5.0000000e+00
   6.5120000e-02   4.0000000e+00
   6.5400000e-02   2.0000000e+00
   6.5680000e-02   4.0000000e+00
   6.5960000e-02   3.0000000e+00
   6.6240000e-02   2.0000000e+00
   6.6520000e-02   4.0000000e+00
   6.6800000e-02   2.0000000e+00
   6.7080000e-02   1.0000000e+00
   6.7360000e-02   6.0000000e+00
   6.7640000e-02   4.0000000e+00
   6.7920000e-02   1.0000000e+00
   6.8200000e-02   1.0000000e+00
   6.8480000e-02   2.0000000e+00
   6.8760000e-02   4.0000000e+00
   6.9040000e-02   1.0000000e+01
   6.9320000e-02   1.0000000e+00
   6.9600000e-02   3.0000000e+00
   6.9880000e-02   1.0000000e+00
   7.0160000e-02   2.0000000e+00
   7.0440000e-02   1.0000000e+00
   7.0720000e-02   1.0000000e+00
   7.1000000e-02   3.0000000e+00
   7.1280000e-02   3.0000000e+00
   7.1560000e-02   1.0000000e+00
   7.1840000e-02   9.0000000e+00
   7.2120000e-02   4.0000000e+00
   7.2400000e-02   1.0000000e+00
   7.2680000e-02   5.0000000e+00
   7.2960000e-02   4.0000000e+00
   7.3240000e-02   2.0000000e+00
   7.3520000e-02   2.0000000e+00
   7.3800000e-02   6.0000000e+00
   7.4080000e-02   4.0000000e+00
   7.4360000e-02   0.0000000e+00
   7.4640000e-02   4.0000000e+00
   7.4920000e-02   4.0000000e+00
   7.5200000e-02   1.0000000e+00
   7.5480000e-02   3.0000000e+00
   7.5760000e-02   4.0000000e+00
   7.6040000e-02   2.0000000e+00
   7.6320000e-02   1.0000000e+00
   7.6600000e-02   6.0000000e+00
   7.6880000e-02   2.0000000e+00
   7.7160000e-02   6.0000000e+00
   7.7440000e-02   1.0000000e+00
   7.7720000e-02   1.0000000e+00
   7.8000000e-02   2.0000000e+00
   7.8280000e-02   2.0000000e+00
   7.8560000e-02   4.0000000e+00
   7.8840000e-02   5.0000000e+00
   7.9120000e-02   2.0000000e+00
   7.9400000e-02   3.0000000e+00
   7.9680000e-02   2.0000000e+00
   7.9960000e-02   2.0000000e+00
   8.0240000e-02   4.0000000e+00
   8.0520000e-02   4.0000000e+00
   8.0800000e-02   2.0000000e+00
   8.1080000e-02   6.0000000e+00
   8.1360000e-02   3.0000000e+00
   8.1640000e-02   3.0000000e+00
   8.1920000e-02   5.0000000e+00
   8.2200000e-02   3.0000000e+00
   8.2480000e-02   3.0000000e+00
   8.2760000e-02   2.0000000e+00
   8.3040000e-02   2.0000000e+00
   8.3320000e-02   1.0000000e+00
   8.3600000e-02   1.0000000e+00
   8.3880000e-02   3.0000000e+00
   8.4160000e-02   1.0000000e+00
   8.4440000e-02   0.0000000e+00
   8.4720000e-02   3.0000000e+00
   8.5000000e-02   3.0000000e+00
   8.5280000e-02   4.0000000e+00
   8.5560000e-02   1.0000000e+00
   8.5840000e-02   6.0000000e+00
   8.6120000e-02   2.0000000e+00
   8.6400000e-02   1.0000000e+00
   8.6680000e-02   4.0000000e+00
   8.6960000e-02   4.0000000e+00
   8.7240000e-02   7.0000000e+00
   8.7520000e-02   3.0000000e+00
   8.7800000e-02   2.0000000e+00
   8.8080000e-02   2.0000000e+00
   8.8360000e-02   3.0000000e+00
   8.8640000e-02   4.0000000e+00
   8.8920000e-02   2.0000000e+00
   8.9200000e-02   3.0000000e+00
   8.9480000e-02   3.0000000e+00
   8.9760000e-02   0.0000000e+00
   9.0040000e-02   2.0000000e+00
   9.0320000e-02   9.0000000e+00
   9.0600000e-02   3.0000000e+00
   9.0880000e-02   0.0000000e+00
   9.1160000e-02   2.0000000e+00
   9.1440000e-02   4.0000000e+00
   9.1720000e-02   0.0000000e+00
   9.2000000e-02   5.0000000e+00
   9.2280000e-02   0.0000000e+00
   9.2560000e-02   1.0000000e+00
   9.2840000e-02   1.0000000e+00
   9.3120000e-02   2.0000000e+00
   9.3400000e-02   3.0000000e+00
   9.3680000e-02   3.0000000e+00
   9.3960000e-02   2.0000000e+00
   9.4240000e-02   1.0000000e+00
   9.4520000e-02   1.0000000e+00
   9.4800000e-02   5.0000000e+00
   9.5080000e-02   1.0000000e+00
   9.5360000e-02   0.0000000e+00
   9.5640000e-02   2.0000000e+00
   9.5920000e-02   1.0000000e+00
   9.6200000e-02   3.0000000e+00
   9.6480000e-02   1.0000000e+00
   9.6760000e-02   2.0000000e+00
   9.7040000e-02   6.0000000e+00
   9.7320000e-02   2.0000000e+00
   9.7600000e-02   3.0000000e+00
   9.7880000e-02   6.0000000e+00
   9.8160000e-02   3.0000000e+00
   9.8440000e-02   2.0000000e+00
   9.8720000e-02   5.0000000e+00
   9.9000000e-02   5.0000000e+00
   9.9280000e-02   0.0000000e+00
   9.9560000e-02   5.0000000e+00
   9.9840000e-02   3.0000000e+00
   1.0012000e-01   8.0000000e+00
   1.0040000e-01   2.0000000e+00
   1.0068000e-01   3.0000000e+00
   1.0096000e-01   1.0000000e+00
   1.0124000e-01   2.0000000e+00
   1.0152000e-01   2.0000000e+00
   1.0180000e-01   0.0000000e+00
   1.0208000e-01   4.0000000e+00
   1.0236000e-01   3.0000000e+00
   1.0264000e-01   1.0000000e+00
   1.0292000e-01   1.0000000e+00
   1.0320000e-01   3.0000000e+00
   1.0348000e-01   4.0000000e+00
   1.0376000e-01   2.0000000e+00
   1.0404000e-01   2.0000000e+00
   1.0432000e-01   4.0000000e+00
   1.0460000e-01   3.0000000e+00
   1.0488000e-01   1.0000000e+00
   1.0516000e-01   3.0000000e+00
   1.0544000e-01   2.0000000e+00
   1.0572000e-01   3.0000000e+00
   1.0600000e-01   2.0000000e+00
   1.0628000e-01   5.0000000e+00
   1.0656000e-01   3.0000000e+00
   1.0684000e-01   2.0000000e+00
   1.0712000e-01   1.0000000e+00
   1.0740000e-01   2.0000000e+00
   1.0768000e-01   0.0000000e+00
   1.0796000e-01   3.0000000e+00
   1.0824000e-01   5.0000000e+00
   1.0852000e-01   3.0000000e+00
   1.0880000e-01   3.0000000e+00
   1.0908000e-01   3.0000000e+00
   1.0936000e-01   2.0000000e+00
   1.0964000e-01   2.0000000e+00
   1.0992000e-01   2.0000000e+00
   1.1020000e-01   3.0000000e+00
   1.1048000e-01   2.0000000e+00
   1.1076000e-01   3.0000000e+00
   1.1104000e-01   3.0000000e+00
   1.1132000e-01   2.0000000e+00
   1.1160000e-01   3.0000000e+00
   1.1188000e-01   2.0000000e+00
   1.1216000e-01   4.0000000e+00
   1.1244000e-01   2.0000000e+00
   1.1272000e-01   3.0000000e+00
   1.1300000e-01   3.0000000e+00
   1.1328000e-01   3.0000000e+00
   1.1356000e-01   3.0000000e+00
   1.1384000e-01   1.0000000e+00
   1.1412000e-01   1.0000000e+00
   1.1440000e-01   5.0000000e+00
   1.1468000e-01   4.0000000e+00
   1.1496000e-01   4.0000000e+00
   1.1524000e-01   2.0000000e+00
   1.1552000e-01   2.0000000e+00
   1.1580000e-01   2.0000000e+00
   1.1608000e-01   1.0000000e+00
   1.1636000e-01   3.0000000e+00
   1.1664000e-01   2.0000000e+00
   1.1692000e-01   5.0000000e+00
   1.1720000e-01   2.0000000e+00
   1.1748000e-01   1.0000000e+00
   1.1776000e-01   2.0000000e+00
   1.1804000e-01   1.0000000e+00
   1.1832000e-01   3.0000000e+00
   1.1860000e-01   2.0000000e+00
   1.1888000e-01   4.0000000e+00
   1.1916000e-01   1.0000000e+00
   1.1944000e-01   2.0000000e+00
   1.1972000e-01   0.0000000e+00
   1.2000000e-01   2.0000000e+00
   1.2028000e-01   1.0000000e+00
   1.2056000e-01   3.0000000e+00
   1.2084000e-01   0.0000000e+00
   1.2112000e-01   1.0000000e+00
   1.2140000e-01   1.0000000e+00
   1.2168000e-01   2.0000000e+00
   1.2196000e-01   3.0000000e+00
   1.2224000e-01   5.0000000e+00
   1.2252000e-01   1.0000000e+00
   1.2280000e-01   2.0000000e+00
   1.2308000e-01   3.0000000e+00
   1.2336000e-01   2.0000000e+00
   1.2364000e-01   4.0000000e+00
   1.2392000e-01   1.0000000e+00
   1.2420000e-01   6.0000000e+00
   1.2448000e-01   4.0000000e+00
   1.2476000e-01   1.0000000e+00
   1.2504000e-01   2.0000000e+00
   1.2532000e-01   3.0000000e+00
   1.2560000e-01   1.0000000e+00
   1.2588000e-01   3.0000000e+00
   1.2616000e-01   1.0000000e+00
   1.2644000e-01   2.0000000e+00
   1.2672000e-01   4.0000000e+00
   1.2700000e-01   1.0000000e+00
   1.2728000e-01   3.0000000e+00
   1.2756000e-01   6.0000000e+00
   1.2784000e-01   2.0000000e+00
   1.2812000e-01   1.0000000e+00
   1.2840000e-01   1.0000000e+00
   1.2868000e-01   5.0000000e+00
   1.2896000e-01   2.0000000e+00
   1.2924000e-01   1.0000000e+00
   1.2952000e-01   4.0000000e+00
   1.2980000e-01   3.0000000e+00
   1.3008000e-01   3.0000000e+00
   1.3036000e-01   2.0000000e+00
   1.3064000e-01   2.0000000e+00
   1.3092000e-01   2.0000000e+00
   1.3120000e-01   2.0000000e+00
   1.3148000e-01   3.0000000e+00
   1.3176000e-01   1.0000000e+00
   1.3204000e-01   2.0000000e+00
   1.3232000e-01   2.0000000e+00
   1.3260000e-01   3.0000000e+00
   1.3288000e-01   1.0000000e+00
   1.3316000e-01   4.0000000e+00
   1.3344000e-01   1.0000000e+00
   1.3372000e-01   1.0000000e+00
   1.3400000e-01   2.0000000e+00
   1.3428000e-01   1.0000000e+00
   1.3456000e-01   2.0000000e+00
   1.3484000e-01   3.0000000e+00
   1.3512000e-01   3.0000000e+00
   1.3540000e-01   0.0000000e+00
   1.3568000e-01   1.0000000e+00
   1.3596000e-01   1.0000000e+00
   1.3624000e-01   1.0000000e+00
   1.3652000e-01   2.0000000e+00
   1.3680000e-01   3.0000000e+00
   1.3708000e-01   1.0000000e+00
   1.3736000e-01   3.0000000e+00
   1.3764000e-01   2.0000000e+00
   1.3792000e-01   5.0000000e+00
   1.3820000e-01   2.0000000e+00
   1.3848000e-01   2.0000000e+00
   1.3876000e-01   2.0000000e+00
   1.3904000e-01   3.0000000e+00
   1.3932000e-01   3.0000000e+00
   1.3960000e-01   1.0000000e+00
   1.3988000e-01   2.0000000e+00
   1.4016000e-01   0.0000000e+00
   1.4044000e-01   1.0000000e+00
   1.4072000e-01   2.0000000e+00
   1.4100000e-01   3.0000000e+00
   1.4128000e-01   1.0000000e+00
   1.4156000e-01   2.0000000e+00
   1.4184000e-01   2.0000000e+00
   1.4212000e-01   1.0000000e+00
   1.4240000e-01   2.0000000e+00
   1.4268000e-01   0.0000000e+00
   1.4296000e-01   4.0000000e+00
   1.4324000e-01   1.0000000e+00
   1.4352000e-01   1.0000000e+00
   1.4380000e-01   2.0000000e+00
   1.4408000e-01   2.0000000e+00
   1.4436000e-01   2.0000000e+00
   1.4464000e-01   1.0000000e+00
   1.4492000e-01   3.0000000e+00
   1.4520000e-01   5.0000000e+00
   1.4548000e-01   3.0000000e+00
   1.4576000e-01   4.0000000e+00
   1.4604000e-01   3.0000000e+00
   1.4632000e-01   1.0000000e+00
   1.4660000e-01   5.0000000e+00
   1.4688000e-01   1.0000000e+00
   1.4716000e-01   1.0000000e+00
   1.4744000e-01   0.0000000e+00
   1.4772000e-01   3.0000000e+00
   1.4800000e-01   3.0000000e+00
   1.4828000e-01   2.0000000e+00
   1.4856000e-01   2.0000000e+00
   1.4884000e-01   7.0000000e+00
   1.4912000e-01   0.0000000e+00
   1.4940000e-01   4.0000000e+00
   1.4968000e-01   2.0000000e+00
   1.4996000e-01   2.0000000e+00
   1.5024000e-01   2.0000000e+00
   1.5052000e-01   3.0000000e+00
   1.5080000e-01   2.0000000e+00
   1.5108000e-01   4.0000000e+00
   1.5136000e-01   3.0000000e+00
   1.5164000e-01   2.0000000e+00
   1.5192000e-01   3.0000000e+00
   1.5220000e-01   1.0000000e+00
   1.5248000e-01   2.0000000e+00
   1.5276000e-01   3.0000000e+00
   1.5304000e-01   3.0000000e+00
   1.5332000e-01   1.0000000e+00
   1.5360000e-01   3.0000000e+00
   1.5388000e-01   6.0000000e+00
   1.5416000e-01   7.0000000e+00
   1.5444000e-01   3.0000000e+00
   1.5472000e-01   1.0000000e+00
   1.5500000e-01   1.0000000e+00
   1.5528000e-01   2.0000000e+00
   1.5556000e-01   1.0000000e+00
   1.5584000e-01   3.0000000e+00
   1.5612000e-01   0.0000000e+00
   1.5640000e-01   4.0000000e+00
   1.5668000e-01   1.0000000e+00
   1.5696000e-01   1.0000000e+00
   1.5724000e-01   2.0000000e+00
   1.5752000e-01   4.0000000e+00
   1.5780000e-01   1.0000000e+00
   1.5808000e-01   3.0000000e+00
   1.5836000e-01   2.0000000e+00
   1.5864000e-01   3.0000000e+00
   1.5892000e-01   1.0000000e+00
   1.5920000e-01   5.0000000e+00
   1.5948000e-01   3.0000000e+00
   1.5976000e-01   4.0000000e+00
   1.6004000e-01   4.0000000e+00
   1.6032000e-01   2.0000000e+00
   1.6060000e-01   2.0000000e+00
   1.6088000e-01   3.0000000e+00
   1.6116000e-01   3.0000000e+00
   1.6144000e-01   3.0000000e+00
   1.6172000e-01   1.0000000e+00
   1.6200000e-01   2.0000000e+00
   1.6228000e-01   0.0000000e+00
   1.6256000e-01   2.0000000e+00
   1.6284000e-01   4.0000000e+00
   1.6312000e-01   4.0000000e+00
   1.6340000e-01   0.0000000e+00
   1.6368000e-01   1.0000000e+00
   1.6396000e-01   4.0000000e+00
   1.6424000e-01   1.0000000e+00
   1.6452000e-01   1.0000000e+00
   1.6480000e-01   3.0000000e+00
   1.6508000e-01   1.0000000e+00
   1.6536000e-01   3.0000000e+00
   1.6564000e-01   2.0000000e+00
   1.6592000e-01   2.0000000e+00
   1.6620000e-01   1.0000000e+00
   1.6648000e-01   1.0000000e+00
   1.6676000e-01   3.0000000e+00
   1.6704000e-01   2.0000000e+00
   1.6732000e-01   1.0000000e+00
   1.6760000e-01   1.0000000e+00
   1.6788000e-01   3.0000000e+00
   1.6816000e-01   1.0000000e+00
   1.6844000e-01   3.0000000e+00
   1.6872000e-01   4.0000000e+00
   1.6900000e-01   1.0000000e+00
   1.6928000e-01   1.0000000e+00
   1.6956000e-01   0.0000000e+00
   1.6984000e-01   3.0000000e+00
   1.7012000e-01   3.0000000e+00
   1.7040000e-01   0.0000000e+00
   1.7068000e-01   3.0000000e+00
   1.7096000e-01   2.0000000e+00
   1.7124000e-01   4.0000000e+00
   1.7152000e-01   3.0000000e+00
   1.7180000e-01   1.0000000e+00
   1.7208000e-01   0.0000000e+00
   1.7236000e-01   2.0000000e+00
   1.7264000e-01   1.0000000e+00
   1.7292000e-01   2.0000000e+00
   1.7320000e-01   0.0000000e+00
   1.7348000e-01   2.0000000e+00
   1.7376000e-01   1.0000000e+00
   1.7404000e-01   6.0000000e+00
   1.7432000e-01   2.0000000e+00
   1.7460000e-01   2.0000000e+00
   1.7488000e-01   3.0000000e+00
   1.7516000e-01   4.0000000e+00
   1.7544000e-01   4.0000000e+00
   1.7572000e-01   0.0000000e+00
   1.7600000e-01   1.0000000e+00
   1.7628000e-01   2.0000000e+00
   1.7656000e-01   3.0000000e+00
   1.7684000e-01   2.0000000e+00
   1.7712000e-01   4.0000000e+00
   1.7740000e-01   3.0000000e+00
   1.7768000e-01   5.0000000e+00
   1.7796000e-01   1.0000000e+00
   1.7824000e-01   2.0000000e+00
   1.7852000e-01   4.0000000e+00
