  -2.0000000e-02   2.3000000e+02
  -1.9700000e-02   2.0800000e+02
  -1.9400000e-02   2.5800000e+02
  -1.9100000e-02   2.3600000e+02
  -1.8800000e-02   2.4000000e+02
  -1.8500000e-02   2.7000000e+02
  -1.8200000e-02   2.4400000e+02
  -1.7900000e-02   2.2500000e+02
  -1.7600000e-02   2.0900000e+02
  -1.7300000e-02   2.3800000e+02
  -1.7000000e-02   2.1600000e+02
  -1.6700000e-02   2.1400000e+02
  -1.6400000e-02   2.4700000e+02
  -1.6100000e-02   2.2100000e+02
  -1.5800000e-02   2.2200000e+02
  -1.5500000e-02   2.5300000e+02
  -1.5200000e-02   2.3100000e+02
  -1.4900000e-02   2.5200000e+02
  -1.4600000e-02   2.4400000e+02
  -1.4300000e-02   2.3300000e+02
  -1.4000000e-02   2.2200000e+02
  -1.3700000e-02   2.3500000e+02
  -1.3400000e-02   2.1700000e+02
  -1.3100000e-02   2.3000000e+02
  -1.2800000e-02   2.4800000e+02
  -1.2500000e-02   2.1600000e+02
  -1.2200000e-02   2.3300000e+02
  -1.1900000e-02   2.0600000e+02
  -1.1600000e-02   2.5100000e+02
  -1.1300000e-02   2.1600000e+02
  -1.1000000e-02   2.2500000e+02
  -1.0700000e-02   2.4400000e+02
  -1.0400000e-02   2.3700000e+02
  -1.0100000e-02   2.2300000e+02
  -9.8000000e-03   2.2900000e+02
  -9.5000000e-03   2.4000000e+02
  -9.2000000e-03   2.2700000e+02
  -8.9000000e-03   2.3400000e+02
  -8.6000000e-03   2.4900000e+02
  -8.3000000e-03   2.4700000e+02
  -8.0000000e-03   2.2000000e+02
  -7.7000000e-03   2.2800000e+02
  -7.4000000e-03   2.2000000e+02
  -7.1000000e-03   2.2600000e+02
  -6.8000000e-03   2.2400000e+02
  -6.5000000e-03   2.5300000e+02
  -6.2000000e-03   2.4600000e+02
  -5.9000000e-03   2.2600000e+02
  -5.6000000e-03   2.4400000e+02
  -5.3000000e-03   2.2700000e+02
  -5.0000000e-03   2.5200000e+02
  -4.7000000e-03   2.6300000e+02
  -4.4000000e-03   2.1100000e+02
  -4.1000000e-03   2.4100000e+02
  -3.8000000e-03   2.2500000e+02
  -3.5000000e-03   2.1700000e+02
  -3.2000000e-03   2.1300000e+02
  -2.9000000e-03   2.0700000e+02
  -2.6000000e-03   2.4500000e+02
  -2.3000000e-03   2.2100000e+02
  -2.0000000e-03   2.3900000e+02
  -1.7000000e-03   2.1800000e+02
  -1.4000000e-03   2.2900000e+02
  -1.1000000e-03   2.2500000e+02
  -8.0000000e-04   2.3200000e+02
  -5.0000000e-04   2.1600000e+02
  -2.0000000e-04   2.1300000e+02
   1.0000000e-04   2.4600000e+02
   4.0000000e-04   2.5300000e+02
   7.0000000e-04   1.8700000e+02
   1.0000000e-03   2.4100000e+02
   1.3000000e-03   2.3100000e+02
   1.6000000e-03   2.5700000e+02
   1.9000000e-03   2.4100000e+02
   2.2000000e-03   2.6300000e+02
   2.5000000e-03   2.4200000e+02
   2.8000000e-03   2.2800000e+02
   3.1000000e-03   2.1700000e+02
   3.4000000e-03   2.5300000e+02
   3.7000000e-03   2.4300000e+02
   4.0000000e-03   2.2800000e+02
   4.3000000e-03   2.6000000e+02
   4.6000000e-03   2.6400000e+02
   4.9000000e-03   2.6200000e+02
   5.2000000e-03   2.4900000e+02
   5.5000000e-03   2.3400000e+02
   5.8000000e-03   2.6400000e+02
   6.1000000e-03   2.6000000e+02
   6.4000000e-03   2.2200000e+02
   6.7000000e-03   2.7200000e+02
   7.0000000e-03   2.5300000e+02
   7.3000000e-03   2.3000000e+02
   7.6000000e-03   2.3300000e+02
   7.9000000e-03   2.2700000e+02
   8.2000000e-03   2.7300000e+02
   8.5000000e-03   2.6300000e+02
   8.8000000e-03   2.6000000e+02
   9.1000000e-03   2.4500000e+02
   9.4000000e-03   2.6700000e+02
   9.7000000e-03   2.7900000e+02
   1.0000000e-02   2.6000000e+02
   1.0300000e-02   2.4000000e+02
   1.0600000e-02   2.7400000e+02
   1.0900000e-02   2.8200000e+02
   1.1200000e-02   2.4500000e+02
   1.1500000e-02   2.5700000e+02
   1.1800000e-02   2.6900000e+02
   1.2100000e-02   2.5100000e+02
   1.2400000e-02   2.2200000e+02
   1.2700000e-02   2.7100000e+02
   1.3000000e-02   2.9800000e+02
   1.3300000e-02   2.5700000e+02
   1.3600000e-02   2.5700000e+02
   1.3900000e-02   2.6100000e+02
   1.4200000e-02   2.7400000e+02
   1.4500000e-02   2.5500000e+02
   1.4800000e-02   2.6100000e+02
   1.5100000e-02   2.3000000e+02
   1.5400000e-02   2.6600000e+02
   1.5700000e-02   2.2000000e+02
   1.6000000e-02   2.7300000e+02
   1.6300000e-02   2.6700000e+02
   1.6600000e-02   2.5500000e+02
   1.6900000e-02   2.5700000e+02
   1.7200000e-02   2.6400000e+02
   1.7500000e-02   2.4900000e+02
   1.7800000e-02   2.9000000e+02
   1.8100000e-02   2.5200000e+02
   1.8400000e-02   2.5400000e+02
   1.8700000e-02   2.3900000e+02
   1.9000000e-02   2.5000000e+02
   1.9300000e-02   2.4700000e+02
   1.9600000e-02   2.5300000e+02
   1.9900000e-02   2.4200000e+02
   2.0200000e-02   2.4900000e+02
   2.0500000e-02   2.5700000e+02
   2.0800000e-02   2.6500000e+02
   2.1100000e-02   2.5500000e+02
   2.1400000e-02   2.5100000e+02
   2.1700000e-02   2.8900000e+02
   2.2000000e-02   2.5100000e+02
   2.2300000e-02   2.7400000e+02
   2.2600000e-02   2.2600000e+02
   2.2900000e-02   2.7800000e+02
   2.3200000e-02   2.4400000e+02
   2.3500000e-02   2.3200000e+02
   2.3800000e-02   2.4300000e+02
   2.4100000e-02   2.7600000e+02
   2.4400000e-02   2.5800000e+02
   2.4700000e-02   2.6200000e+02
   2.5000000e-02   2.8700000e+02
   2.5300000e-02   2.4900000e+02
   2.5600000e-02   2.7400000e+02
   2.5900000e-02   2.8600000e+02
   2.6200000e-02   2.5800000e+02
   2.6500000e-02   2.7800000e+02
   2.6800000e-02   2.3800000e+02
   2.7100000e-02   2.7200000e+02
   2.7400000e-02   2.9100000e+02
   2.7700000e-02   2.4300000e+02
   2.8000000e-02   2.7000000e+02
   2.8300000e-02   2.7900000e+02
   2.8600000e-02   2.4700000e+02
   2.8900000e-02   2.4500000e+02
   2.9200000e-02   2.6000000e+02
   2.9500000e-02   2.5300000e+02
   2.9800000e-02   2.4100000e+02
   3.0100000e-02   2.3300000e+02
   3.0400000e-02   2.7300000e+02
   3.0700000e-02   2.4900000e+02
   3.1000000e-02   2.5100000e+02
   3.1300000e-02   2.6400000e+02
   3.1600000e-02   2.4800000e+02
   3.1900000e-02   2.5400000e+02
   3.2200000e-02   3.0200000e+02
   3.2500000e-02   2.5800000e+02
   3.2800000e-02   2.8800000e+02
   3.3100000e-02   2.5100000e+02
   3.3400000e-02   2.6500000e+02
   3.3700000e-02   2.6100000e+02
   3.4000000e-02   2.6800000e+02
   3.4300000e-02   2.7900000e+02
   3.4600000e-02   2.5000000e+02
   3.4900000e-02   2.6100000e+02
   3.5200000e-02   2.7900000e+02
   3.5500000e-02   2.8100000e+02
   3.5800000e-02   2.9100000e+02
   3.6100000e-02   2.3600000e+02
   3.6400000e-02   2.5000000e+02
   3.6700000e-02   2.8800000e+02
   3.7000000e-02   2.7800000e+02
   3.7300000e-02   2.6200000e+02
   3.7600000e-02   2.4400000e+02
   3.7900000e-02   2.5400000e+02
   3.8200000e-02   2.5100000e+02
   3.8500000e-02   2.7300000e+02
   3.8800000e-02   2.8800000e+02
   3.9100000e-02   2.3400000e+02
   3.9400000e-02   2.7300000e+02
   3.9700000e-02   2.6800000e+02
   4.0000000e-02   2.6500000e+02
   4.0300000e-02   2.6000000e+02
   4.0600000e-02   2.3800000e+02
   4.0900000e-02   2.5000000e+02
   4.1200000e-02   2.7700000e+02
   4.1500000e-02   2.6600000e+02
   4.1800000e-02   2.6700000e+02
   4.2100000e-02   2.5600000e+02
   4.2400000e-02   2.5300000e+02
   4.2700000e-02   2.8900000e+02
   4.3000000e-02   2.6700000e+02
   4.3300000e-02   2.6800000e+02
   4.3600000e-02   2.6900000e+02
   4.3900000e-02   2.9700000e+02
   4.4200000e-02   2.5800000e+02
   4.4500000e-02   2.3900000e+02
   4.4800000e-02   2.5400000e+02
   4.5100000e-02   3.0900000e+02
   4.5400000e-02   2.8400000e+02
   4.5700000e-02   2.7600000e+02
   4.6000000e-02   2.9400000e+02
   4.6300000e-02   2.7200000e+02
   4.6600000e-02   2.6900000e+02
   4.6900000e-02   2.6100000e+02
   4.7200000e-02   2.6600000e+02
   4.7500000e-02   2.8100000e+02
   4.7800000e-02   2.6700000e+02
   4.8100000e-02   2.6800000e+02
   4.8400000e-02   2.5000000e+02
   4.8700000e-02   2.6000000e+02
   4.9000000e-02   2.5400000e+02
   4.9300000e-02   2.8200000e+02
   4.9600000e-02   2.7400000e+02
   4.9900000e-02   2.8800000e+02
   5.0200000e-02   2.7800000e+02
   5.0500000e-02   2.5700000e+02
   5.0800000e-02   2.4700000e+02
   5.1100000e-02   2.4100000e+02
   5.1400000e-02   2.5200000e+02
   5.1700000e-02   2.7600000e+02
   5.2000000e-02   2.4100000e+02
   5.2300000e-02   2.7600000e+02
   5.2600000e-02   2.6700000e+02
   5.2900000e-02   2.7000000e+02
   5.3200000e-02   2.6600000e+02
   5.3500000e-02   2.7700000e+02
   5.3800000e-02   2.6900000e+02
   5.4100000e-02   2.4300000e+02
   5.4400000e-02   2.6300000e+02
   5.4700000e-02   2.4000000e+02
   5.5000000e-02   2.8600000e+02
   5.5300000e-02   2.6000000e+02
   5.5600000e-02   2.8100000e+02
   5.5900000e-02   2.5800000e+02
   5.6200000e-02   2.3900000e+02
   5.6500000e-02   2.5300000e+02
   5.6800000e-02   2.6100000e+02
   5.7100000e-02   2.8600000e+02
   5.7400000e-02   2.5000000e+02
   5.7700000e-02   2.6800000e+02
   5.8000000e-02   2.5300000e+02
   5.8300000e-02   2.2700000e+02
   5.8600000e-02   2.6500000e+02
   5.8900000e-02   2.8600000e+02
   5.9200000e-02   2.8100000e+02
   5.9500000e-02   2.6300000e+02
   5.9800000e-02   2.9800000e+02
   6.0100000e-02   2.8900000e+02
   6.0400000e-02   2.7500000e+02
   6.0700000e-02   2.7700000e+02
   6.1000000e-02   2.7900000e+02
   6.1300000e-02   2.5900000e+02
   6.1600000e-02   2.4200000e+02
   6.1900000e-02   2.7200000e+02
   6.2200000e-02   2.4500000e+02
   6.2500000e-02   2.5500000e+02
   6.2800000e-02   2.9200000e+02
   6.3100000e-02   2.7800000e+02
   6.3400000e-02   2.3800000e+02
   6.3700000e-02   2.5600000e+02
   6.4000000e-02   2.5500000e+02
   6.4300000e-02   2.6200000e+02
   6.4600000e-02   2.8700000e+02
   6.4900000e-02   2.6600000e+02
   6.5200000e-02   2.8100000e+02
   6.5500000e-02   2.3600000e+02
   6.5800000e-02   2.9200000e+02
   6.6100000e-02   2.4500000e+02
   6.6400000e-02   2.6800000e+02
   6.6700000e-02   2.4300000e+02
   6.7000000e-02   2.4400000e+02
   6.7300000e-02   2.6000000e+02
   6.7600000e-02   2.4800000e+02
   6.7900000e-02   2.4600000e+02
   6.8200000e-02   2.4700000e+02
   6.8500000e-02   2.6400000e+02
   6.8800000e-02   2.6200000e+02
   6.9100000e-02   2.5200000e+02
   6.9400000e-02   2.5100000e+02
   6.9700000e-02   2.5800000e+02
   7.0000000e-02   2.5500000e+02
   7.0300000e-02   2.6600000e+02
   7.0600000e-02   2.7000000e+02
   7.0900000e-02   2.3700000e+02
   7.1200000e-02   2.4200000e+02
   7.1500000e-02   2.7600000e+02
   7.1800000e-02   2.0400000e+02
   7.2100000e-02   2.3500000e+02
   7.2400000e-02   2.1800000e+02
   7.2700000e-02   2.4600000e+02
   7.3000000e-02   2.3900000e+02
   7.3300000e-02   2.5000000e+02
   7.3600000e-02   2.5600000e+02
   7.3900000e-02   2.2900000e+02
   7.4200000e-02   2.4600000e+02
   7.4500000e-02   2.5400000e+02
   7.4800000e-02   2.3200000e+02
   7.5100000e-02   2.4100000e+02
   7.5400000e-02   2.1900000e+02
   7.5700000e-02   2.5600000e+02
   7.6000000e-02   2.7000000e+02
   7.6300000e-02   2.4000000e+02
   7.6600000e-02   1.9900000e+02
   7.6900000e-02   2.5100000e+02
   7.7200000e-02   2.4700000e+02
   7.7500000e-02   2.5600000e+02
   7.7800000e-02   2.3400000e+02
   7.8100000e-02   2.5900000e+02
   7.8400000e-02   2.3900000e+02
   7.8700000e-02   2.2700000e+02
   7.9000000e-02   2.1900000e+02
   7.9300000e-02   2.1700000e+02
   7.9600000e-02   2.1500000e+02
   7.9900000e-02   2.3900000e+02
   8.0200000e-02   2.4400000e+02
   8.0500000e-02   2.5900000e+02
   8.0800000e-02   2.4400000e+02
   8.1100000e-02   2.4900000e+02
   8.1400000e-02   2.5700000e+02
   8.1700000e-02   2.3900000e+02
   8.2000000e-02   2.3600000e+02
   8.2300000e-02   2.2400000e+02
   8.2600000e-02   2.5200000e+02
   8.2900000e-02   2.3800000e+02
   8.3200000e-02   2.2900000e+02
   8.3500000e-02   2.4300000e+02
   8.3800000e-02   2.5500000e+02
   8.4100000e-02   2.2400000e+02
   8.4400000e-02   2.4400000e+02
   8.4700000e-02   1.9400000e+02
   8.5000000e-02   2.5700000e+02
   8.5300000e-02   2.2300000e+02
   8.5600000e-02   2.3300000e+02
   8.5900000e-02   2.5300000e+02
   8.6200000e-02   2.3100000e+02
   8.6500000e-02   2.2200000e+02
   8.6800000e-02   2.1700000e+02
   8.7100000e-02   2.3300000e+02
   8.7400000e-02   2.4500000e+02
   8.7700000e-02   2.1500000e+02
   8.8000000e-02   2.2700000e+02
   8.8300000e-02   2.4400000e+02
   8.8600000e-02   2.1300000e+02
   8.8900000e-02   2.4800000e+02
   8.9200000e-02   2.4700000e+02
   8.9500000e-02   2.2800000e+02
   8.9800000e-02   2.4300000e+02
   9.0100000e-02   2.3100000e+02
   9.0400000e-02   2.3200000e+02
   9.0700000e-02   2.4200000e+02
   9.1000000e-02   2.2500000e+02
   9.1300000e-02   2.3700000e+02
   9.1600000e-02   2.2300000e+02
   9.1900000e-02   2.3500000e+02
   9.2200000e-02   2.4200000e+02
   9.2500000e-02   2.3500000e+02
   9.2800000e-02   2.3600000e+02
   9.3100000e-02   2.4100000e+02
   9.3400000e-02   2.4500000e+02
   9.3700000e-02   2.5600000e+02
   9.4000000e-02   2.4100000e+02
   9.4300000e-02   1.8900000e+02
   9.4600000e-02   2.4600000e+02
   9.4900000e-02   2.4700000e+02
   9.5200000e-02   2.6000000e+02
   9.5500000e-02   2.5300000e+02
   9.5800000e-02   2.4500000e+02
   9.6100000e-02   2.3600000e+02
   9.6400000e-02   2.5500000e+02
   9.6700000e-02   2.3300000e+02
   9.7000000e-02   2.2400000e+02
   9.7300000e-02   2.1900000e+02
   9.7600000e-02   2.2000000e+02
   9.7900000e-02   2.3300000e+02
   9.8200000e-02   2.1300000e+02
   9.8500000e-02   2.4600000e+02
   9.8800000e-02   2.0300000e+02
   9.9100000e-02   2.5500000e+02
   9.9400000e-02   2.4700000e+02
   9.9700000e-02   2.3100000e+02
   1.0000000e-01   2.2600000e+02
   1.0030000e-01   2.2300000e+02
   1.0060000e-01   2.3000000e+02
   1.0090000e-01   2.6200000e+02
   1.0120000e-01   2.3800000e+02
   1.0150000e-01   2.4800000e+02
   1.0180000e-01   2.2900000e+02
   1.0210000e-01   2.4100000e+02
   1.0240000e-01   2.4500000e+02
   1.0270000e-01   2.4100000e+02
   1.0300000e-01   2.3600000e+02
   1.0330000e-01   2.3600000e+02
   1.0360000e-01   2.2600000e+02
   1.0390000e-01   2.5700000e+02
   1.0420000e-01   2.3500000e+02
   1.0450000e-01   2.4400000e+02
   1.0480000e-01   2.3600000e+02
   1.0510000e-01   2.3500000e+02
   1.0540000e-01   2.2700000e+02
   1.0570000e-01   2.2700000e+02
   1.0600000e-01   2.3500000e+02
   1.0630000e-01   2.1600000e+02
   1.0660000e-01   2.3400000e+02
   1.0690000e-01   2.3900000e+02
   1.0720000e-01   2.4300000e+02
   1.0750000e-01   2.4600000e+02
   1.0780000e-01   2.4700000e+02
   1.0810000e-01   2.3500000e+02
   1.0840000e-01   2.3800000e+02
   1.0870000e-01   2.4700000e+02
   1.0900000e-01   2.2300000e+02
   1.0930000e-01   2.1600000e+02
   1.0960000e-01   2.2700000e+02
   1.0990000e-01   2.4300000e+02
   1.1020000e-01   2.4300000e+02
   1.1050000e-01   2.4000000e+02
   1.1080000e-01   2.4600000e+02
   1.1110000e-01   2.6000000e+02
   1.1140000e-01   2.4500000e+02
   1.1170000e-01   2.3400000e+02
   1.1200000e-01   2.2600000e+02
   1.1230000e-01   2.4700000e+02
   1.1260000e-01   2.5100000e+02
   1.1290000e-01   2.2700000e+02
   1.1320000e-01   2.2600000e+02
   1.1350000e-01   2.4600000e+02
   1.1380000e-01   2.4500000e+02
   1.1410000e-01   2.1900000e+02
   1.1440000e-01   2.4800000e+02
   1.1470000e-01   2.3800000e+02
   1.1500000e-01   2.0200000e+02
   1.1530000e-01   2.3600000e+02
   1.1560000e-01   2.3800000e+02
   1.1590000e-01   2.1700000e+02
   1.1620000e-01   2.0500000e+02
   1.1650000e-01   2.3600000e+02
   1.1680000e-01   2.2000000e+02
   1.1710000e-01   2.3600000e+02
   1.1740000e-01   2.3100000e+02
   1.1770000e-01   2.3100000e+02
   1.1800000e-01   2.4800000e+02
   1.1830000e-01   2.3800000e+02
   1.1860000e-01   2.2900000e+02
   1.1890000e-01   2.2500000e+02
   1.1920000e-01   2.1100000e+02
   1.1950000e-01   2.1300000e+02
   1.1980000e-01   2.5300000e+02
   1.2010000e-01   2.1400000e+02
   1.2040000e-01   2.0700000e+02
   1.2070000e-01   2.4600000e+02
   1.2100000e-01   2.3600000e+02
   1.2130000e-01   2.1400000e+02
   1.2160000e-01   2.5600000e+02
   1.2190000e-01   2.4900000e+02
   1.2220000e-01   2.1900000e+02
   1.2250000e-01   2.1800000e+02
   1.2280000e-01   2.6100000e+02
   1.2310000e-01   2.2500000e+02
   1.2340000e-01   1.9700000e+02
   1.2370000e-01   2.2600000e+02
   1.2400000e-01   2.4900000e+02
   1.2430000e-01   2.4100000e+02
   1.2460000e-01   2.5000000e+02
   1.2490000e-01   2.2500000e+02
   1.2520000e-01   1.9900000e+02
   1.2550000e-01   2.1900000e+02
   1.2580000e-01   2.4300000e+02
   1.2610000e-01   2.2000000e+02
   1.2640000e-01   2.2900000e+02
   1.2670000e-01   2.4800000e+02
   1.2700000e-01   2.3300000e+02
   1.2730000e-01   2.4100000e+02
   1.2760000e-01   2.2700000e+02
   1.2790000e-01   2.3600000e+02
   1.2820000e-01   2.2400000e+02
   1.2850000e-01   2.1300000e+02
   1.2880000e-01   2.4600000e+02
   1.2910000e-01   2.4200000e+02
   1.2940000e-01   2.3100000e+02
   1.2970000e-01   2.5100000e+02
   1.3000000e-01   2.4500000e+02
   1.3030000e-01   2.1000000e+02
   1.3060000e-01   2.3000000e+02
   1.3090000e-01   2.2700000e+02
   1.3120000e-01   2.1400000e+02
   1.3150000e-01   2.3800000e+02
   1.3180000e-01   2.3200000e+02
   1.3210000e-01   2.6000000e+02
   1.3240000e-01   2.1000000e+02
   1.3270000e-01   2.3600000e+02
   1.3300000e-01   2.3900000e+02
   1.3330000e-01   2.3100000e+02
   1.3360000e-01   2.1600000e+02
   1.3390000e-01   2.2500000e+02
   1.3420000e-01   2.4200000e+02
   1.3450000e-01   2.2600000e+02
   1.3480000e-01   2.4000000e+02
   1.3510000e-01   2.2600000e+02
   1.3540000e-01   2.1900000e+02
   1.3570000e-01   2.3500000e+02
   1.3600000e-01   2.5700000e+02
   1.3630000e-01   2.4000000e+02
   1.3660000e-01   2.4000000e+02
   1.3690000e-01   2.2200000e+02
   1.3720000e-01   2.4500000e+02
   1.3750000e-01   2.1300000e+02
   1.3780000e-01   2.3000000e+02
   1.3810000e-01   2.1500000e+02
   1.3840000e-01   2.3400000e+02
   1.3870000e-01   2.3200000e+02
   1.3900000e-01   2.3200000e+02
   1.3930000e-01   2.3500000e+02
   1.3960000e-01   2.1900000e+02
   1.3990000e-01   2.1100000e+02
   1.4020000e-01   2.4800000e+02
   1.4050000e-01   2.2100000e+02
   1.4080000e-01   2.1100000e+02
   1.4110000e-01   2.1400000e+02
   1.4140000e-01   2.2900000e+02
   1.4170000e-01   2.2500000e+02
   1.4200000e-01   2.4300000e+02
   1.4230000e-01   2.2700000e+02
   1.4260000e-01   2.3500000e+02
   1.4290000e-01   2.3600000e+02
   1.4320000e-01   2.7200000e+02
   1.4350000e-01   2.3900000e+02
   1.4380000e-01   2.3900000e+02
   1.4410000e-01   2.3500000e+02
   1.4440000e-01   2.4400000e+02
   1.4470000e-01   2.2500000e+02
   1.4500000e-01   2.3000000e+02
   1.4530000e-01   2.4500000e+02
   1.4560000e-01   2.5900000e+02
   1.4590000e-01   2.2800000e+02
   1.4620000e-01   2.6200000e+02
   1.4650000e-01   2.2400000e+02
   1.4680000e-01   2.1900000e+02
   1.4710000e-01   2.2000000e+02
   1.4740000e-01   2.3300000e+02
   1.4770000e-01   2.3100000e+02
   1.4800000e-01   2.3200000e+02
   1.4830000e-01   2.2200000e+02
   1.4860000e-01   2.2500000e+02
   1.4890000e-01   2.4600000e+02
   1.4920000e-01   2.1700000e+02
   1.4950000e-01   2.3800000e+02
   1.4980000e-01   2.3900000e+02
   1.5010000e-01   2.1900000e+02
   1.5040000e-01   2.4400000e+02
   1.5070000e-01   2.4200000e+02
   1.5100000e-01   2.3300000e+02
   1.5130000e-01   2.1000000e+02
   1.5160000e-01   2.2000000e+02
   1.5190000e-01   2.4700000e+02
   1.5220000e-01   2.3900000e+02
   1.5250000e-01   2.3200000e+02
   1.5280000e-01   2.1000000e+02
   1.5310000e-01   2.2700000e+02
   1.5340000e-01   2.1300000e+02
   1.5370000e-01   2.4600000e+02
   1.5400000e-01   2.3300000e+02
   1.5430000e-01   2.1500000e+02
   1.5460000e-01   2.2800000e+02
   1.5490000e-01   2.4800000e+02
   1.5520000e-01   2.3100000e+02
   1.5550000e-01   2.3600000e+02
   1.5580000e-01   2.1500000e+02
   1.5610000e-01   2.0300000e+02
   1.5640000e-01   2.3700000e+02
   1.5670000e-01   2.2600000e+02
   1.5700000e-01   2.4100000e+02
   1.5730000e-01   2.5600000e+02
   1.5760000e-01   2.0800000e+02
   1.5790000e-01   2.3400000e+02
   1.5820000e-01   2.3700000e+02
   1.5850000e-01   2.1600000e+02
   1.5880000e-01   2.3300000e+02
   1.5910000e-01   2.2600000e+02
   1.5940000e-01   2.3400000e+02
   1.5970000e-01   2.4000000e+02
   1.6000000e-01   1.9700000e+02
   1.6030000e-01   2.3800000e+02
   1.6060000e-01   2.3200000e+02
   1.6090000e-01   2.0700000e+02
   1.6120000e-01   2.3800000e+02
   1.6150000e-01   2.5600000e+02
   1.6180000e-01   2.1600000e+02
   1.6210000e-01   2.0300000e+02
   1.6240000e-01   2.4100000e+02
   1.6270000e-01   2.8000000e+02
   1.6300000e-01   2.3600000e+02
   1.6330000e-01   2.1900000e+02
   1.6360000e-01   2.2400000e+02
   1.6390000e-01   2.0300000e+02
   1.6420000e-01   2.2000000e+02
   1.6450000e-01   2.5400000e+02
   1.6480000e-01   2.1200000e+02
   1.6510000e-01   2.3600000e+02
   1.6540000e-01   2.3600000e+02
   1.6570000e-01   2.3100000e+02
   1.6600000e-01   2.3200000e+02
   1.6630000e-01   2.7000000e+02
   1.6660000e-01   1.8700000e+02
   1.6690000e-01   2.4200000e+02
   1.6720000e-01   2.1600000e+02
   1.6750000e-01   2.2100000e+02
   1.6780000e-01   2.1500000e+02
   1.6810000e-01   2.3600000e+02
   1.6840000e-01   2.2900000e+02
   1.6870000e-01   2.1700000e+02
   1.6900000e-01   2.1800000e+02
   1.6930000e-01   2.2900000e+02
   1.6960000e-01   2.5400000e+02
   1.6990000e-01   2.4400000e+02
   1.7020000e-01   2.1600000e+02
   1.7050000e-01   2.4900000e+02
   1.7080000e-01   2.2700000e+02
   1.7110000e-01   2.1600000e+02
   1.7140000e-01   2.5500000e+02
   1.7170000e-01   2.1600000e+02
   1.7200000e-01   2.0800000e+02
   1.7230000e-01   2.4400000e+02
   1.7260000e-01   2.1400000e+02
   1.7290000e-01   2.5200000e+02
   1.7320000e-01   2.6000000e+02
   1.7350000e-01   2.2500000e+02
   1.7380000e-01   2.2700000e+02
   1.7410000e-01   2.2600000e+02
   1.7440000e-01   2.2400000e+02
   1.7470000e-01   2.5400000e+02
   1.7500000e-01   2.2200000e+02
   1.7530000e-01   2.4500000e+02
   1.7560000e-01   2.4100000e+02
   1.7590000e-01   2.4100000e+02
   1.7620000e-01   2.2200000e+02
   1.7650000e-01   2.4100000e+02
   1.7680000e-01   2.4400000e+02
   1.7710000e-01   2.3700000e+02
   1.7740000e-01   2.4900000e+02
   1.7770000e-01   2.1400000e+02
