  -1.5000000e-02   8.0000000e+00
  -1.4550000e-02   6.0000000e+00
  -1.4100000e-02   1.0000000e+00
  -1.3650000e-02   5.0000000e+00
  -1.3200000e-02   1.2000000e+01
  -1.2750000e-02   6.0000000e+00
  -1.2300000e-02   1.0000000e+01
  -1.1850000e-02   1.0000000e+01
  -1.1400000e-02   7.0000000e+00
  -1.0950000e-02   7.0000000e+00
  -1.0500000e-02   9.0000000e+00
  -1.0050000e-02   5.0000000e+00
  -9.6000000e-03   8.0000000e+00
  -9.1500000e-03   1.0000000e+01
  -8.7000000e-03   6.0000000e+00
  -8.2500000e-03   6.0000000e+00
  -7.8000000e-03   2.0000000e+00
  -7.3500000e-03   9.0000000e+00
  -6.9000000e-03   3.0000000e+00
  -6.4500000e-03   1.4000000e+01
  -6.0000000e-03   7.0000000e+00
  -5.5500000e-03   1.3000000e+01
  -5.1000000e-03   6.0000000e+00
  -4.6500000e-03   1.0000000e+01
  -4.2000000e-03   5.0000000e+00
  -3.7500000e-03   7.0000000e+00
  -3.3000000e-03   7.0000000e+00
  -2.8500000e-03   1.3000000e+01
  -2.4000000e-03   4.0000000e+00
  -1.9500000e-03   6.0000000e+00
  -1.5000000e-03   7.0000000e+00
  -1.0500000e-03   8.0000000e+00
  -6.0000000e-04   1.1000000e+01
   3.0000000e-04   3.3000000e+01
   7.5000000e-04   3.7000000e+01
   1.2000000e-03   3.8000000e+01
   1.6500000e-03   5.3000000e+01
   2.1000000e-03   3.1000000e+01
   2.5500000e-03   3.6000000e+01
   3.0000000e-03   5.9000000e+01
   3.4500000e-03   3.1000000e+01
   3.9000000e-03   4.9000000e+01
   4.3500000e-03   4.8000000e+01
   4.8000000e-03   5.5000000e+01
   5.2500000e-03   4.3000000e+01
   5.7000000e-03   4.1000000e+01
   6.1500000e-03   4.9000000e+01
   6.6000000e-03   4.2000000e+01
   7.0500000e-03   3.8000000e+01
   7.5000000e-03   4.3000000e+01
   7.9500000e-03   5.1000000e+01
   8.4000000e-03   3.4000000e+01
   8.8500000e-03   4.2000000e+01
   9.3000000e-03   3.7000000e+01
   9.7500000e-03   4.5000000e+01
   1.0200000e-02   4.4000000e+01
   1.0650000e-02   6.1000000e+01
   1.1100000e-02   4.7000000e+01
   1.1550000e-02   5.1000000e+01
   1.2000000e-02   5.5000000e+01
   1.2450000e-02   4.3000000e+01
   1.2900000e-02   3.6000000e+01
   1.3350000e-02   5.4000000e+01
   1.3800000e-02   4.7000000e+01
   1.4250000e-02   5.0000000e+01
   1.4700000e-02   5.5000000e+01
   1.5150000e-02   5.0000000e+01
   1.5600000e-02   4.6000000e+01
   1.6050000e-02   3.4000000e+01
   1.6500000e-02   4.1000000e+01
   1.6950000e-02   3.4000000e+01
   1.7400000e-02   2.9000000e+01
   1.7850000e-02   4.0000000e+01
   1.8300000e-02   5.0000000e+01
   1.8750000e-02   4.8000000e+01
   1.9200000e-02   4.3000000e+01
   1.9650000e-02   3.6000000e+01
   2.0100000e-02   5.3000000e+01
   2.0550000e-02   4.3000000e+01
   2.1000000e-02   5.2000000e+01
   2.1450000e-02   4.1000000e+01
   2.1900000e-02   3.7000000e+01
   2.2350000e-02   3.7000000e+01
   2.2800000e-02   4.7000000e+01
   2.3250000e-02   4.3000000e+01
   2.3700000e-02   4.3000000e+01
   2.4150000e-02   5.0000000e+01
   2.4600000e-02   5.8000000e+01
   2.5050000e-02   4.9000000e+01
   2.5500000e-02   5.0000000e+01
   2.5950000e-02   4.0000000e+01
   2.6400000e-02   4.2000000e+01
   2.6850000e-02   3.9000000e+01
   2.7300000e-02   3.5000000e+01
   2.7750000e-02   4.2000000e+01
   2.8200000e-02   4.6000000e+01
   2.8650000e-02   3.9000000e+01
   2.9100000e-02   5.1000000e+01
   2.9550000e-02   4.3000000e+01
   3.0000000e-02   3.1000000e+01
   3.0450000e-02   4.4000000e+01
   3.0900000e-02   4.7000000e+01
   3.1350000e-02   5.2000000e+01
   3.1800000e-02   4.5000000e+01
   3.2250000e-02   4.4000000e+01
   3.2700000e-02   4.8000000e+01
   3.3150000e-02   4.1000000e+01
   3.3600000e-02   4.9000000e+01
   3.4050000e-02   4.8000000e+01
   3.4500000e-02   5.0000000e+01
   3.4950000e-02   4.9000000e+01
   3.5400000e-02   3.8000000e+01
   3.5850000e-02   5.3000000e+01
   3.6300000e-02   4.5000000e+01
   3.6750000e-02   4.4000000e+01
   3.7200000e-02   4.0000000e+01
   3.7650000e-02   3.9000000e+01
   3.8100000e-02   3.0000000e+01
   3.8550000e-02   3.2000000e+01
   3.9000000e-02   4.4000000e+01
   3.9450000e-02   4.8000000e+01
   3.9900000e-02   4.0000000e+01
   4.0350000e-02   4.7000000e+01
   4.0800000e-02   3.1000000e+01
   4.1250000e-02   4.9000000e+01
   4.1700000e-02   4.3000000e+01
   4.2150000e-02   5.1000000e+01
   4.2600000e-02   3.9000000e+01
   4.3050000e-02   3.8000000e+01
   4.3500000e-02   3.3000000e+01
   4.3950000e-02   4.5000000e+01
   4.4400000e-02   4.2000000e+01
   4.4850000e-02   5.3000000e+01
   4.5300000e-02   4.4000000e+01
   4.5750000e-02   2.6000000e+01
   4.6200000e-02   2.9000000e+01
   4.6650000e-02   5.5000000e+01
   4.7100000e-02   3.3000000e+01
   4.7550000e-02   3.6000000e+01
   4.8000000e-02   5.3000000e+01
   4.8450000e-02   3.7000000e+01
   4.8900000e-02   5.3000000e+01
   4.9350000e-02   4.0000000e+01
   4.9800000e-02   3.7000000e+01
   5.0250000e-02   4.1000000e+01
   5.0700000e-02   3.8000000e+01
   5.1150000e-02   4.8000000e+01
   5.1600000e-02   4.6000000e+01
   5.2050000e-02   4.7000000e+01
   5.2500000e-02   2.8000000e+01
   5.2950000e-02   4.0000000e+01
   5.3400000e-02   3.6000000e+01
   5.3850000e-02   3.9000000e+01
   5.4300000e-02   4.8000000e+01
   5.4750000e-02   4.3000000e+01
   5.5200000e-02   3.9000000e+01
   5.5650000e-02   4.0000000e+01
   5.6100000e-02   4.0000000e+01
   5.6550000e-02   5.2000000e+01
   5.7000000e-02   3.3000000e+01
   5.7450000e-02   4.2000000e+01
   5.7900000e-02   4.3000000e+01
   5.8350000e-02   4.6000000e+01
   5.8800000e-02   3.9000000e+01
   5.9250000e-02   2.8000000e+01
   5.9700000e-02   3.9000000e+01
   6.0150000e-02   5.5000000e+01
   6.0600000e-02   4.3000000e+01
   6.1050000e-02   3.9000000e+01
   6.1500000e-02   4.0000000e+01
   6.1950000e-02   3.4000000e+01
   6.2400000e-02   3.7000000e+01
   6.2850000e-02   4.0000000e+01
   6.3300000e-02   3.8000000e+01
   6.3750000e-02   3.8000000e+01
   6.4200000e-02   4.0000000e+01
   6.4650000e-02   3.6000000e+01
   6.5100000e-02   4.2000000e+01
   6.5550000e-02   4.3000000e+01
   6.6000000e-02   4.0000000e+01
   6.6450000e-02   4.5000000e+01
   6.6900000e-02   3.9000000e+01
   6.7350000e-02   4.0000000e+01
   6.7800000e-02   4.2000000e+01
   6.8250000e-02   3.7000000e+01
   6.8700000e-02   3.5000000e+01
   6.9150000e-02   4.1000000e+01
   6.9600000e-02   3.3000000e+01
   7.0050000e-02   4.1000000e+01
   7.0500000e-02   2.9000000e+01
   7.0950000e-02   3.9000000e+01
   7.1400000e-02   3.3000000e+01
   7.1850000e-02   3.9000000e+01
   7.2300000e-02   4.8000000e+01
   7.2750000e-02   3.0000000e+01
   7.3200000e-02   3.2000000e+01
   7.3650000e-02   3.2000000e+01
   7.4100000e-02   3.7000000e+01
   7.4550000e-02   3.6000000e+01
   7.5000000e-02   3.4000000e+01
   7.5450000e-02   3.7000000e+01
   7.5900000e-02   3.7000000e+01
   7.6350000e-02   3.4000000e+01
   7.6800000e-02   2.9000000e+01
   7.7250000e-02   4.2000000e+01
   7.7700000e-02   3.2000000e+01
   7.8150000e-02   4.0000000e+01
   7.8600000e-02   3.8000000e+01
   7.9050000e-02   3.2000000e+01
   7.9500000e-02   4.5000000e+01
   7.9950000e-02   3.6000000e+01
   8.0400000e-02   3.0000000e+01
   8.0850000e-02   3.2000000e+01
   8.1300000e-02   3.7000000e+01
   8.1750000e-02   3.2000000e+01
   8.2200000e-02   2.7000000e+01
   8.2650000e-02   3.3000000e+01
   8.3100000e-02   2.9000000e+01
   8.3550000e-02   3.3000000e+01
   8.4000000e-02   3.7000000e+01
   8.4450000e-02   3.6000000e+01
   8.4900000e-02   3.1000000e+01
   8.5350000e-02   2.4000000e+01
   8.5800000e-02   3.5000000e+01
   8.6250000e-02   2.8000000e+01
   8.6700000e-02   3.3000000e+01
   8.7150000e-02   3.8000000e+01
   8.7600000e-02   2.7000000e+01
   8.8050000e-02   4.2000000e+01
   8.8500000e-02   3.0000000e+01
   8.8950000e-02   3.6000000e+01
   8.9400000e-02   3.7000000e+01
   8.9850000e-02   3.1000000e+01
   9.0300000e-02   2.5000000e+01
   9.0750000e-02   3.8000000e+01
   9.1200000e-02   3.3000000e+01
   9.1650000e-02   3.0000000e+01
   9.2100000e-02   3.2000000e+01
   9.2550000e-02   3.6000000e+01
   9.3000000e-02   2.9000000e+01
   9.3450000e-02   2.4000000e+01
   9.3900000e-02   4.3000000e+01
   9.4350000e-02   2.6000000e+01
   9.4800000e-02   2.4000000e+01
   9.5250000e-02   2.1000000e+01
   9.5700000e-02   4.2000000e+01
   9.6150000e-02   3.5000000e+01
   9.6600000e-02   1.6000000e+01
   9.7050000e-02   3.0000000e+01
   9.7500000e-02   2.1000000e+01
   9.7950000e-02   3.1000000e+01
   9.8400000e-02   2.9000000e+01
   9.8850000e-02   2.2000000e+01
   9.9300000e-02   3.2000000e+01
   9.9750000e-02   3.2000000e+01
   1.0020000e-01   2.3000000e+01
   1.0065000e-01   2.6000000e+01
   1.0110000e-01   1.8000000e+01
   1.0155000e-01   2.4000000e+01
   1.0200000e-01   3.4000000e+01
   1.0245000e-01   2.5000000e+01
   1.0290000e-01   3.1000000e+01
   1.0335000e-01   1.9000000e+01
   1.0380000e-01   2.6000000e+01
   1.0425000e-01   3.3000000e+01
   1.0470000e-01   2.1000000e+01
   1.0515000e-01   1.8000000e+01
   1.0560000e-01   2.8000000e+01
   1.0605000e-01   2.6000000e+01
   1.0650000e-01   2.8000000e+01
   1.0695000e-01   2.9000000e+01
   1.0740000e-01   2.5000000e+01
   1.0785000e-01   1.6000000e+01
   1.0830000e-01   1.9000000e+01
   1.0875000e-01   2.3000000e+01
   1.0920000e-01   2.1000000e+01
   1.0965000e-01   1.2000000e+01
   1.1010000e-01   2.4000000e+01
   1.1055000e-01   2.5000000e+01
   1.1100000e-01   1.9000000e+01
   1.1145000e-01   2.1000000e+01
   1.1190000e-01   2.2000000e+01
   1.1235000e-01   2.4000000e+01
   1.1280000e-01   2.1000000e+01
   1.1325000e-01   2.8000000e+01
   1.1370000e-01   2.1000000e+01
   1.1415000e-01   1.9000000e+01
   1.1460000e-01   2.0000000e+01
   1.1505000e-01   3.1000000e+01
   1.1550000e-01   2.8000000e+01
   1.1595000e-01   1.7000000e+01
   1.1640000e-01   2.6000000e+01
   1.1685000e-01   1.9000000e+01
   1.1730000e-01   1.9000000e+01
   1.1775000e-01   2.2000000e+01
   1.1820000e-01   1.8000000e+01
   1.1865000e-01   1.8000000e+01
   1.1910000e-01   2.3000000e+01
   1.1955000e-01   2.3000000e+01
   1.2000000e-01   2.8000000e+01
   1.2045000e-01   2.1000000e+01
   1.2090000e-01   1.8000000e+01
   1.2135000e-01   2.6000000e+01
   1.2180000e-01   1.7000000e+01
   1.2225000e-01   1.8000000e+01
   1.2270000e-01   2.3000000e+01
   1.2315000e-01   3.0000000e+01
   1.2360000e-01   1.7000000e+01
   1.2405000e-01   2.4000000e+01
   1.2450000e-01   1.7000000e+01
   1.2495000e-01   2.3000000e+01
   1.2540000e-01   1.4000000e+01
   1.2585000e-01   1.0000000e+01
   1.2630000e-01   1.5000000e+01
   1.2675000e-01   1.7000000e+01
   1.2720000e-01   1.4000000e+01
   1.2765000e-01   1.5000000e+01
   1.2810000e-01   2.0000000e+01
   1.2855000e-01   2.1000000e+01
   1.2900000e-01   1.7000000e+01
   1.2945000e-01   1.8000000e+01
   1.2990000e-01   1.0000000e+01
   1.3035000e-01   2.3000000e+01
   1.3080000e-01   1.3000000e+01
   1.3125000e-01   1.4000000e+01
   1.3170000e-01   1.4000000e+01
   1.3215000e-01   2.2000000e+01
   1.3260000e-01   1.5000000e+01
   1.3305000e-01   1.6000000e+01
   1.3350000e-01   1.9000000e+01
   1.3395000e-01   1.8000000e+01
   1.3440000e-01   1.0000000e+01
   1.3485000e-01   1.3000000e+01
   1.3530000e-01   1.1000000e+01
   1.3575000e-01   2.2000000e+01
   1.3620000e-01   1.0000000e+01
   1.3665000e-01   1.1000000e+01
   1.3710000e-01   1.9000000e+01
   1.3755000e-01   1.2000000e+01
   1.3800000e-01   1.6000000e+01
   1.3845000e-01   1.1000000e+01
   1.3890000e-01   1.2000000e+01
   1.3935000e-01   9.0000000e+00
   1.3980000e-01   1.4000000e+01
   1.4025000e-01   1.2000000e+01
   1.4070000e-01   1.7000000e+01
   1.4115000e-01   7.0000000e+00
   1.4160000e-01   1.5000000e+01
   1.4205000e-01   1.6000000e+01
   1.4250000e-01   1.0000000e+01
   1.4295000e-01   1.1000000e+01
   1.4340000e-01   1.0000000e+01
   1.4385000e-01   1.4000000e+01
   1.4430000e-01   1.4000000e+01
   1.4475000e-01   9.0000000e+00
   1.4520000e-01   1.7000000e+01
   1.4565000e-01   1.2000000e+01
   1.4610000e-01   1.2000000e+01
   1.4655000e-01   1.4000000e+01
   1.4700000e-01   1.3000000e+01
   1.4745000e-01   8.0000000e+00
   1.4790000e-01   1.2000000e+01
   1.4835000e-01   1.1000000e+01
   1.4880000e-01   1.0000000e+01
   1.4925000e-01   1.4000000e+01
   1.4970000e-01   1.6000000e+01
   1.5015000e-01   1.6000000e+01
   1.5060000e-01   1.1000000e+01
   1.5105000e-01   1.1000000e+01
   1.5150000e-01   8.0000000e+00
   1.5195000e-01   1.6000000e+01
   1.5240000e-01   1.0000000e+01
   1.5285000e-01   1.4000000e+01
   1.5330000e-01   1.0000000e+01
   1.5375000e-01   1.4000000e+01
   1.5420000e-01   1.5000000e+01
   1.5465000e-01   8.0000000e+00
   1.5510000e-01   7.0000000e+00
   1.5555000e-01   7.0000000e+00
   1.5600000e-01   1.0000000e+01
   1.5645000e-01   1.9000000e+01
   1.5690000e-01   1.2000000e+01
   1.5735000e-01   1.4000000e+01
   1.5780000e-01   1.7000000e+01
   1.5825000e-01   6.0000000e+00
   1.5870000e-01   1.3000000e+01
   1.5915000e-01   1.2000000e+01
   1.5960000e-01   9.0000000e+00
   1.6005000e-01   6.0000000e+00
   1.6050000e-01   1.2000000e+01
   1.6095000e-01   7.0000000e+00
   1.6140000e-01   9.0000000e+00
   1.6185000e-01   8.0000000e+00
   1.6230000e-01   7.0000000e+00
   1.6275000e-01   7.0000000e+00
   1.6320000e-01   1.0000000e+01
   1.6365000e-01   5.0000000e+00
   1.6410000e-01   4.0000000e+00
   1.6455000e-01   1.2000000e+01
   1.6500000e-01   1.2000000e+01
   1.6545000e-01   7.0000000e+00
   1.6590000e-01   6.0000000e+00
   1.6635000e-01   1.3000000e+01
   1.6680000e-01   5.0000000e+00
   1.6725000e-01   9.0000000e+00
   1.6770000e-01   1.0000000e+01
   1.6815000e-01   9.0000000e+00
   1.6860000e-01   8.0000000e+00
   1.6905000e-01   6.0000000e+00
   1.6950000e-01   4.0000000e+00
   1.6995000e-01   1.0000000e+01
   1.7040000e-01   5.0000000e+00
   1.7085000e-01   1.1000000e+01
   1.7130000e-01   7.0000000e+00
   1.7175000e-01   6.0000000e+00
   1.7220000e-01   6.0000000e+00
   1.7265000e-01   1.3000000e+01
   1.7310000e-01   1.5000000e+01
   1.7355000e-01   1.1000000e+01
   1.7400000e-01   1.0000000e+01
   1.7445000e-01   1.5000000e+01
   1.7490000e-01   1.4000000e+01
   1.7535000e-01   1.1000000e+01
   1.7580000e-01   8.0000000e+00
   1.7625000e-01   6.0000000e+00
   1.7670000e-01   6.0000000e+00
   1.7715000e-01   7.0000000e+00
   1.7760000e-01   5.0000000e+00
   1.7805000e-01   7.0000000e+00
   1.7850000e-01   8.0000000e+00
   1.7895000e-01   1.1000000e+01
   1.7940000e-01   9.0000000e+00
   1.7985000e-01   7.0000000e+00
   1.8030000e-01   1.1000000e+01
   1.8075000e-01   6.0000000e+00
   1.8120000e-01   1.1000000e+01
   1.8165000e-01   6.0000000e+00
   1.8210000e-01   9.0000000e+00
   1.8255000e-01   9.0000000e+00
