  -1.5000000e-02   4.0000000e+01
  -1.4590000e-02   3.6000000e+01
  -1.4180000e-02   2.9000000e+01
  -1.3770000e-02   4.6000000e+01
  -1.3360000e-02   3.7000000e+01
  -1.2950000e-02   3.1000000e+01
  -1.2540000e-02   3.4000000e+01
  -1.2130000e-02   3.9000000e+01
  -1.1720000e-02   3.2000000e+01
  -1.1310000e-02   3.1000000e+01
  -1.0900000e-02   4.6000000e+01
  -1.0490000e-02   2.7000000e+01
  -1.0080000e-02   4.7000000e+01
  -9.6700000e-03   3.2000000e+01
  -9.2600000e-03   3.5000000e+01
  -8.8500000e-03   4.3000000e+01
  -8.4400000e-03   4.0000000e+01
  -8.0300000e-03   2.8000000e+01
  -7.6200000e-03   4.2000000e+01
  -7.2100000e-03   4.3000000e+01
  -6.8000000e-03   2.6000000e+01
  -6.3900000e-03   4.3000000e+01
  -5.9800000e-03   3.5000000e+01
  -5.5700000e-03   3.9000000e+01
  -5.1600000e-03   4.3000000e+01
  -4.7500000e-03   3.9000000e+01
  -4.3400000e-03   3.9000000e+01
  -3.9300000e-03   3.8000000e+01
  -3.5200000e-03   4.8000000e+01
  -3.1100000e-03   2.8000000e+01
  -2.7000000e-03   3.9000000e+01
  -2.2900000e-03   3.3000000e+01
  -1.8800000e-03   3.5000000e+01
  -1.4700000e-03   4.0000000e+01
  -1.0600000e-03   3.8000000e+01
  -6.5000000e-04   3.4000000e+01
   1.7000000e-04   1.7000000e+02
   5.8000000e-04   1.5100000e+02
   9.9000000e-04   1.1800000e+02
   1.4000000e-03   1.3300000e+02
   1.8100000e-03   1.1900000e+02
   2.2200000e-03   1.2500000e+02
   2.6300000e-03   1.2700000e+02
   3.0400000e-03   1.0300000e+02
   3.4500000e-03   1.0800000e+02
   3.8600000e-03   1.0200000e+02
   4.2700000e-03   1.3100000e+02
   4.6800000e-03   9.1000000e+01
   5.0900000e-03   1.4200000e+02
   5.5000000e-03   8.6000000e+01
   5.9100000e-03   1.0700000e+02
   6.3200000e-03   9.7000000e+01
   6.7300000e-03   1.2700000e+02
   7.1400000e-03   1.1400000e+02
   7.5500000e-03   1.0400000e+02
   7.9600000e-03   1.1600000e+02
   8.3700000e-03   1.0000000e+02
   8.7800000e-03   1.0100000e+02
   9.1900000e-03   1.0600000e+02
   9.6000000e-03   1.0200000e+02
   1.0010000e-02   1.1800000e+02
   1.0420000e-02   9.4000000e+01
   1.0830000e-02   9.1000000e+01
   1.1240000e-02   8.2000000e+01
   1.1650000e-02   9.8000000e+01
   1.2060000e-02   9.5000000e+01
   1.2470000e-02   1.1400000e+02
   1.2880000e-02   1.1200000e+02
   1.3290000e-02   9.5000000e+01
   1.3700000e-02   9.5000000e+01
   1.4110000e-02   9.9000000e+01
   1.4520000e-02   8.6000000e+01
   1.4930000e-02   7.7000000e+01
   1.5340000e-02   7.9000000e+01
   1.5750000e-02   9.8000000e+01
   1.6160000e-02   8.3000000e+01
   1.6570000e-02   7.4000000e+01
   1.6980000e-02   9.4000000e+01
   1.7390000e-02   8.6000000e+01
   1.7800000e-02   9.8000000e+01
   1.8210000e-02   9.8000000e+01
   1.8620000e-02   6.2000000e+01
   1.9030000e-02   7.9000000e+01
   1.9440000e-02   1.0100000e+02
   1.9850000e-02   6.4000000e+01
   2.0260000e-02   8.6000000e+01
   2.0670000e-02   8.4000000e+01
   2.1080000e-02   6.7000000e+01
   2.1490000e-02   8.6000000e+01
   2.1900000e-02   9.1000000e+01
   2.2310000e-02   9.0000000e+01
   2.2720000e-02   6.6000000e+01
   2.3130000e-02   6.4000000e+01
   2.3540000e-02   6.6000000e+01
   2.3950000e-02   5.9000000e+01
   2.4360000e-02   8.1000000e+01
   2.4770000e-02   7.2000000e+01
   2.5180000e-02   6.7000000e+01
   2.5590000e-02   7.8000000e+01
   2.6000000e-02   7.9000000e+01
   2.6410000e-02   6.3000000e+01
   2.6820000e-02   7.0000000e+01
   2.7230000e-02   6.8000000e+01
   2.7640000e-02   5.8000000e+01
   2.8050000e-02   5.6000000e+01
   2.8460000e-02   5.0000000e+01
   2.8870000e-02   6.5000000e+01
   2.9280000e-02   6.2000000e+01
   2.9690000e-02   5.4000000e+01
   3.0100000e-02   5.9000000e+01
   3.0510000e-02   5.3000000e+01
   3.0920000e-02   6.9000000e+01
   3.1330000e-02   5.9000000e+01
   3.1740000e-02   6.7000000e+01
   3.2150000e-02   6.0000000e+01
   3.2560000e-02   6.6000000e+01
   3.2970000e-02   6.0000000e+01
   3.3380000e-02   5.9000000e+01
   3.3790000e-02   7.5000000e+01
   3.4200000e-02   6.1000000e+01
   3.4610000e-02   5.3000000e+01
   3.5020000e-02   5.6000000e+01
   3.5430000e-02   5.3000000e+01
   3.5840000e-02   5.1000000e+01
   3.6250000e-02   7.4000000e+01
   3.6660000e-02   7.2000000e+01
   3.7070000e-02   7.5000000e+01
   3.7480000e-02   4.9000000e+01
   3.7890000e-02   6.4000000e+01
   3.8300000e-02   5.0000000e+01
   3.8710000e-02   3.8000000e+01
   3.9120000e-02   6.0000000e+01
   3.9530000e-02   5.9000000e+01
   3.9940000e-02   5.4000000e+01
   4.0350000e-02   6.4000000e+01
   4.0760000e-02   6.0000000e+01
   4.1170000e-02   5.0000000e+01
   4.1580000e-02   5.3000000e+01
   4.1990000e-02   6.0000000e+01
   4.2400000e-02   6.2000000e+01
   4.2810000e-02   5.1000000e+01
   4.3220000e-02   6.2000000e+01
   4.3630000e-02   4.6000000e+01
   4.4040000e-02   6.0000000e+01
   4.4450000e-02   5.2000000e+01
   4.4860000e-02   4.1000000e+01
   4.5270000e-02   4.1000000e+01
   4.5680000e-02   5.4000000e+01
   4.6090000e-02   5.7000000e+01
   4.6500000e-02   5.0000000e+01
   4.6910000e-02   4.4000000e+01
   4.7320000e-02   5.4000000e+01
   4.7730000e-02   4.1000000e+01
   4.8140000e-02   4.8000000e+01
   4.8550000e-02   5.6000000e+01
   4.8960000e-02   5.5000000e+01
   4.9370000e-02   5.4000000e+01
   4.9780000e-02   4.2000000e+01
   5.0190000e-02   5.0000000e+01
   5.0600000e-02   5.6000000e+01
   5.1010000e-02   5.3000000e+01
   5.1420000e-02   5.5000000e+01
   5.1830000e-02   4.3000000e+01
   5.2240000e-02   5.1000000e+01
   5.2650000e-02   6.2000000e+01
   5.3060000e-02   4.9000000e+01
   5.3470000e-02   4.7000000e+01
   5.3880000e-02   4.6000000e+01
   5.4290000e-02   3.9000000e+01
   5.4700000e-02   5.6000000e+01
   5.5110000e-02   3.5000000e+01
   5.5520000e-02   5.3000000e+01
   5.5930000e-02   3.6000000e+01
   5.6340000e-02   5.0000000e+01
   5.6750000e-02   4.9000000e+01
   5.7160000e-02   3.9000000e+01
   5.7570000e-02   5.7000000e+01
   5.7980000e-02   4.6000000e+01
   5.8390000e-02   4.4000000e+01
   5.8800000e-02   5.2000000e+01
   5.9210000e-02   5.7000000e+01
   5.9620000e-02   5.0000000e+01
   6.0030000e-02   3.5000000e+01
   6.0440000e-02   3.9000000e+01
   6.0850000e-02   4.8000000e+01
   6.1260000e-02   5.0000000e+01
   6.1670000e-02   4.9000000e+01
   6.2080000e-02   3.7000000e+01
   6.2490000e-02   4.4000000e+01
   6.2900000e-02   5.7000000e+01
   6.3310000e-02   3.9000000e+01
   6.3720000e-02   5.2000000e+01
   6.4130000e-02   4.8000000e+01
   6.4540000e-02   3.4000000e+01
   6.4950000e-02   4.4000000e+01
   6.5360000e-02   4.0000000e+01
   6.5770000e-02   4.7000000e+01
   6.6180000e-02   5.2000000e+01
   6.6590000e-02   4.0000000e+01
   6.7000000e-02   4.2000000e+01
   6.7410000e-02   4.1000000e+01
   6.7820000e-02   4.7000000e+01
   6.8230000e-02   5.1000000e+01
   6.8640000e-02   5.0000000e+01
   6.9050000e-02   5.3000000e+01
   6.9460000e-02   4.1000000e+01
   6.9870000e-02   4.4000000e+01
   7.0280000e-02   5.6000000e+01
   7.0690000e-02   4.9000000e+01
   7.1100000e-02   4.1000000e+01
   7.1510000e-02   4.3000000e+01
   7.1920000e-02   5.7000000e+01
   7.2330000e-02   4.6000000e+01
   7.2740000e-02   5.6000000e+01
   7.3150000e-02   5.0000000e+01
   7.3560000e-02   3.3000000e+01
   7.3970000e-02   3.5000000e+01
   7.4380000e-02   5.4000000e+01
   7.4790000e-02   4.6000000e+01
   7.5200000e-02   5.0000000e+01
   7.5610000e-02   5.5000000e+01
   7.6020000e-02   4.7000000e+01
   7.6430000e-02   4.1000000e+01
   7.6840000e-02   4.3000000e+01
   7.7250000e-02   4.6000000e+01
   7.7660000e-02   4.3000000e+01
   7.8070000e-02   4.4000000e+01
   7.8480000e-02   5.0000000e+01
   7.8890000e-02   3.5000000e+01
   7.9300000e-02   3.6000000e+01
   7.9710000e-02   4.8000000e+01
   8.0120000e-02   3.8000000e+01
   8.0530000e-02   3.9000000e+01
   8.0940000e-02   4.1000000e+01
   8.1350000e-02   5.4000000e+01
   8.1760000e-02   5.9000000e+01
   8.2170000e-02   3.8000000e+01
   8.2580000e-02   5.8000000e+01
   8.2990000e-02   5.5000000e+01
   8.3400000e-02   3.4000000e+01
   8.3810000e-02   4.9000000e+01
   8.4220000e-02   4.2000000e+01
   8.4630000e-02   4.4000000e+01
   8.5040000e-02   4.1000000e+01
   8.5450000e-02   5.5000000e+01
   8.5860000e-02   3.9000000e+01
   8.6270000e-02   3.1000000e+01
   8.6680000e-02   3.6000000e+01
   8.7090000e-02   4.3000000e+01
   8.7500000e-02   4.9000000e+01
   8.7910000e-02   4.5000000e+01
   8.8320000e-02   3.9000000e+01
   8.8730000e-02   4.0000000e+01
   8.9140000e-02   4.4000000e+01
   8.9550000e-02   4.7000000e+01
   8.9960000e-02   4.9000000e+01
   9.0370000e-02   3.5000000e+01
   9.0780000e-02   3.7000000e+01
   9.1190000e-02   4.2000000e+01
   9.1600000e-02   2.7000000e+01
   9.2010000e-02   4.1000000e+01
   9.2420000e-02   4.1000000e+01
   9.2830000e-02   4.3000000e+01
   9.3240000e-02   3.1000000e+01
   9.3650000e-02   5.0000000e+01
   9.4060000e-02   5.0000000e+01
   9.4470000e-02   4.5000000e+01
   9.4880000e-02   3.9000000e+01
   9.5290000e-02   3.4000000e+01
   9.5700000e-02   3.6000000e+01
   9.6110000e-02   3.8000000e+01
   9.6520000e-02   4.6000000e+01
   9.6930000e-02   5.1000000e+01
   9.7340000e-02   3.2000000e+01
   9.7750000e-02   4.2000000e+01
   9.8160000e-02   4.7000000e+01
   9.8570000e-02   5.6000000e+01
   9.8980000e-02   2.9000000e+01
   9.9390000e-02   3.8000000e+01
   9.9800000e-02   4.8000000e+01
   1.0021000e-01   4.6000000e+01
   1.0062000e-01   4.1000000e+01
   1.0103000e-01   3.4000000e+01
   1.0144000e-01   4.5000000e+01
   1.0185000e-01   4.1000000e+01
   1.0226000e-01   5.7000000e+01
   1.0267000e-01   5.9000000e+01
   1.0308000e-01   4.4000000e+01
   1.0349000e-01   4.6000000e+01
   1.0390000e-01   4.5000000e+01
   1.0431000e-01   4.2000000e+01
   1.0472000e-01   4.1000000e+01
   1.0513000e-01   5.0000000e+01
   1.0554000e-01   4.2000000e+01
   1.0595000e-01   3.3000000e+01
   1.0636000e-01   3.9000000e+01
   1.0677000e-01   4.1000000e+01
   1.0718000e-01   4.2000000e+01
   1.0759000e-01   4.3000000e+01
   1.0800000e-01   3.8000000e+01
   1.0841000e-01   3.7000000e+01
   1.0882000e-01   3.8000000e+01
   1.0923000e-01   3.2000000e+01
   1.0964000e-01   3.4000000e+01
   1.1005000e-01   4.7000000e+01
   1.1046000e-01   5.3000000e+01
   1.1087000e-01   3.7000000e+01
   1.1128000e-01   4.7000000e+01
   1.1169000e-01   4.1000000e+01
   1.1210000e-01   3.7000000e+01
   1.1251000e-01   3.5000000e+01
   1.1292000e-01   4.5000000e+01
   1.1333000e-01   4.2000000e+01
   1.1374000e-01   3.1000000e+01
   1.1415000e-01   4.1000000e+01
   1.1456000e-01   4.0000000e+01
   1.1497000e-01   3.5000000e+01
   1.1538000e-01   3.3000000e+01
   1.1579000e-01   5.4000000e+01
   1.1620000e-01   4.2000000e+01
   1.1661000e-01   3.4000000e+01
   1.1702000e-01   3.6000000e+01
   1.1743000e-01   4.8000000e+01
   1.1784000e-01   3.3000000e+01
   1.1825000e-01   4.2000000e+01
   1.1866000e-01   3.2000000e+01
   1.1907000e-01   4.6000000e+01
   1.1948000e-01   4.4000000e+01
   1.1989000e-01   3.8000000e+01
   1.2030000e-01   3.0000000e+01
   1.2071000e-01   4.1000000e+01
   1.2112000e-01   3.3000000e+01
   1.2153000e-01   4.7000000e+01
   1.2194000e-01   3.9000000e+01
   1.2235000e-01   4.2000000e+01
   1.2276000e-01   4.9000000e+01
   1.2317000e-01   3.8000000e+01
   1.2358000e-01   3.7000000e+01
   1.2399000e-01   3.4000000e+01
   1.2440000e-01   4.0000000e+01
   1.2481000e-01   3.4000000e+01
   1.2522000e-01   4.1000000e+01
   1.2563000e-01   3.3000000e+01
   1.2604000e-01   3.3000000e+01
   1.2645000e-01   4.4000000e+01
   1.2686000e-01   5.5000000e+01
   1.2727000e-01   3.8000000e+01
   1.2768000e-01   5.1000000e+01
   1.2809000e-01   3.4000000e+01
   1.2850000e-01   3.8000000e+01
   1.2891000e-01   3.8000000e+01
   1.2932000e-01   4.7000000e+01
   1.2973000e-01   3.9000000e+01
   1.3014000e-01   2.7000000e+01
   1.3055000e-01   3.9000000e+01
   1.3096000e-01   3.8000000e+01
   1.3137000e-01   4.0000000e+01
   1.3178000e-01   3.6000000e+01
   1.3219000e-01   5.0000000e+01
   1.3260000e-01   3.5000000e+01
   1.3301000e-01   3.1000000e+01
   1.3342000e-01   4.5000000e+01
   1.3383000e-01   3.7000000e+01
   1.3424000e-01   3.3000000e+01
   1.3465000e-01   3.4000000e+01
   1.3506000e-01   3.8000000e+01
   1.3547000e-01   4.3000000e+01
   1.3588000e-01   4.2000000e+01
   1.3629000e-01   3.5000000e+01
   1.3670000e-01   4.9000000e+01
   1.3711000e-01   4.3000000e+01
   1.3752000e-01   3.5000000e+01
   1.3793000e-01   4.3000000e+01
   1.3834000e-01   3.5000000e+01
   1.3875000e-01   6.1000000e+01
   1.3916000e-01   4.9000000e+01
   1.3957000e-01   3.6000000e+01
   1.3998000e-01   3.2000000e+01
   1.4039000e-01   3.0000000e+01
   1.4080000e-01   4.6000000e+01
   1.4121000e-01   3.7000000e+01
   1.4162000e-01   4.4000000e+01
   1.4203000e-01   3.3000000e+01
   1.4244000e-01   3.7000000e+01
   1.4285000e-01   4.0000000e+01
   1.4326000e-01   3.5000000e+01
   1.4367000e-01   4.5000000e+01
   1.4408000e-01   3.5000000e+01
   1.4449000e-01   2.8000000e+01
   1.4490000e-01   3.7000000e+01
   1.4531000e-01   3.9000000e+01
   1.4572000e-01   3.9000000e+01
   1.4613000e-01   3.9000000e+01
   1.4654000e-01   3.7000000e+01
   1.4695000e-01   4.7000000e+01
   1.4736000e-01   5.8000000e+01
   1.4777000e-01   3.4000000e+01
   1.4818000e-01   4.2000000e+01
   1.4859000e-01   4.4000000e+01
   1.4900000e-01   4.8000000e+01
   1.4941000e-01   4.6000000e+01
   1.4982000e-01   3.8000000e+01
   1.5023000e-01   4.1000000e+01
   1.5064000e-01   3.4000000e+01
   1.5105000e-01   3.4000000e+01
   1.5146000e-01   5.0000000e+01
   1.5187000e-01   4.3000000e+01
   1.5228000e-01   3.6000000e+01
   1.5269000e-01   4.6000000e+01
   1.5310000e-01   4.4000000e+01
   1.5351000e-01   3.8000000e+01
   1.5392000e-01   4.8000000e+01
   1.5433000e-01   3.1000000e+01
   1.5474000e-01   4.7000000e+01
   1.5515000e-01   2.3000000e+01
   1.5556000e-01   4.6000000e+01
   1.5597000e-01   4.2000000e+01
   1.5638000e-01   3.1000000e+01
   1.5679000e-01   4.3000000e+01
   1.5720000e-01   4.4000000e+01
   1.5761000e-01   3.3000000e+01
   1.5802000e-01   4.2000000e+01
   1.5843000e-01   4.1000000e+01
   1.5884000e-01   4.0000000e+01
   1.5925000e-01   3.6000000e+01
   1.5966000e-01   4.4000000e+01
   1.6007000e-01   3.3000000e+01
   1.6048000e-01   4.3000000e+01
   1.6089000e-01   3.1000000e+01
   1.6130000e-01   4.4000000e+01
   1.6171000e-01   4.0000000e+01
   1.6212000e-01   4.2000000e+01
   1.6253000e-01   3.7000000e+01
   1.6294000e-01   3.0000000e+01
   1.6335000e-01   4.2000000e+01
   1.6376000e-01   3.2000000e+01
   1.6417000e-01   4.8000000e+01
   1.6458000e-01   3.0000000e+01
   1.6499000e-01   4.1000000e+01
   1.6540000e-01   4.3000000e+01
   1.6581000e-01   3.8000000e+01
   1.6622000e-01   3.6000000e+01
   1.6663000e-01   4.1000000e+01
   1.6704000e-01   4.9000000e+01
   1.6745000e-01   4.7000000e+01
   1.6786000e-01   3.4000000e+01
   1.6827000e-01   4.1000000e+01
   1.6868000e-01   4.2000000e+01
   1.6909000e-01   3.9000000e+01
   1.6950000e-01   2.8000000e+01
   1.6991000e-01   3.5000000e+01
   1.7032000e-01   2.3000000e+01
   1.7073000e-01   4.0000000e+01
   1.7114000e-01   4.2000000e+01
   1.7155000e-01   3.6000000e+01
   1.7196000e-01   3.2000000e+01
   1.7237000e-01   4.1000000e+01
   1.7278000e-01   3.5000000e+01
   1.7319000e-01   3.3000000e+01
   1.7360000e-01   3.1000000e+01
   1.7401000e-01   3.8000000e+01
   1.7442000e-01   3.8000000e+01
   1.7483000e-01   3.9000000e+01
   1.7524000e-01   3.0000000e+01
   1.7565000e-01   4.3000000e+01
   1.7606000e-01   2.3000000e+01
   1.7647000e-01   4.0000000e+01
   1.7688000e-01   4.2000000e+01
   1.7729000e-01   4.6000000e+01
   1.7770000e-01   3.3000000e+01
   1.7811000e-01   3.9000000e+01
   1.7852000e-01   3.1000000e+01
   1.7893000e-01   3.5000000e+01
   1.7934000e-01   2.5000000e+01
   1.7975000e-01   3.9000000e+01
   1.8016000e-01   3.7000000e+01
   1.8057000e-01   5.4000000e+01
   1.8098000e-01   4.0000000e+01
   1.8139000e-01   4.2000000e+01
